3.270264E+2	1.283489E+3	3.802248E+3
3.270181E+2	1.283468E+3	3.810796E+3
3.267625E+2	1.283543E+3	3.820385E+3
3.265848E+2	1.283530E+3	3.830752E+3
3.263205E+2	1.283341E+3	3.840649E+3
3.264915E+2	1.283432E+3	3.850682E+3
3.262153E+2	1.283440E+3	3.860394E+3
3.261072E+2	1.283438E+3	3.871695E+3
3.259884E+2	1.283416E+3	3.881378E+3
3.257625E+2	1.283403E+3	3.893001E+3
3.258722E+2	1.283252E+3	3.904250E+3
3.256289E+2	1.283213E+3	3.915805E+3
3.256340E+2	1.283204E+3	3.927145E+3
3.254854E+2	1.283115E+3	3.940014E+3
3.251769E+2	1.283134E+3	3.952056E+3
3.252549E+2	1.282986E+3	3.963983E+3
3.251130E+2	1.282943E+3	3.976638E+3
3.250304E+2	1.282852E+3	3.989116E+3
3.247343E+2	1.282813E+3	4.001638E+3
3.248821E+2	1.282676E+3	4.015736E+3
3.246752E+2	1.282644E+3	4.027885E+3
3.241784E+2	1.282502E+3	4.042571E+3
3.242275E+2	1.282470E+3	4.056205E+3
3.240543E+2	1.282344E+3	4.070147E+3
3.242489E+2	1.282186E+3	4.083367E+3
3.239445E+2	1.282109E+3	4.097641E+3
3.237647E+2	1.282029E+3	4.111963E+3
3.238882E+2	1.281868E+3	4.126674E+3
3.235386E+2	1.281781E+3	4.141625E+3
3.234441E+2	1.281624E+3	4.156832E+3
3.232797E+2	1.281499E+3	4.172353E+3
3.233400E+2	1.281378E+3	4.187846E+3
3.230819E+2	1.281150E+3	4.202605E+3
3.229022E+2	1.281003E+3	4.218171E+3
3.228279E+2	1.280934E+3	4.234040E+3
3.225236E+2	1.280801E+3	4.250397E+3
3.224420E+2	1.280695E+3	4.266067E+3
3.224332E+2	1.280476E+3	4.283060E+3
3.222526E+2	1.280285E+3	4.298233E+3
3.219759E+2	1.280205E+3	4.317336E+3
3.219649E+2	1.279976E+3	4.332591E+3
3.218283E+2	1.279847E+3	4.350006E+3
3.218810E+2	1.279615E+3	4.367143E+3
3.216438E+2	1.279411E+3	4.384995E+3
3.213258E+2	1.279230E+3	4.402347E+3
3.212518E+2	1.279064E+3	4.419806E+3
3.211694E+2	1.278983E+3	4.438030E+3
3.210970E+2	1.278677E+3	4.454694E+3
3.207411E+2	1.278540E+3	4.473177E+3
3.207046E+2	1.278302E+3	4.491872E+3
3.205989E+2	1.278113E+3	4.510959E+3
3.203896E+2	1.277933E+3	4.529440E+3
3.205638E+2	1.277760E+3	4.547982E+3
3.201806E+2	1.277474E+3	4.567151E+3
3.200472E+2	1.277221E+3	4.586684E+3
3.199984E+2	1.277074E+3	4.605660E+3
3.197381E+2	1.276855E+3	4.624902E+3
3.195290E+2	1.276601E+3	4.645260E+3
3.194742E+2	1.276366E+3	4.665283E+3
3.193520E+2	1.276058E+3	4.684896E+3
3.191929E+2	1.275894E+3	4.705518E+3
3.191747E+2	1.275606E+3	4.724781E+3
3.191284E+2	1.275403E+3	4.745699E+3
3.187578E+2	1.275085E+3	4.767440E+3
3.185387E+2	1.274967E+3	4.788517E+3
3.187338E+2	1.274586E+3	4.809157E+3
3.185540E+2	1.274459E+3	4.830439E+3
3.184268E+2	1.274131E+3	4.853127E+3
3.183150E+2	1.273950E+3	4.874233E+3
3.178554E+2	1.273489E+3	4.896571E+3
3.179127E+2	1.273287E+3	4.918583E+3
3.177914E+2	1.273012E+3	4.941085E+3
3.176338E+2	1.272750E+3	4.964005E+3
3.171804E+2	1.272457E+3	4.987550E+3
3.173173E+2	1.272113E+3	5.010332E+3
3.169446E+2	1.271843E+3	5.033166E+3
3.169464E+2	1.271524E+3	5.056712E+3
3.168486E+2	1.271268E+3	5.080715E+3
3.168027E+2	1.270999E+3	5.104988E+3
3.167429E+2	1.270636E+3	5.130099E+3
3.164840E+2	1.270355E+3	5.153369E+3
3.162160E+2	1.270056E+3	5.178492E+3
3.160668E+2	1.269670E+3	5.202991E+3
3.161371E+2	1.269274E+3	5.227628E+3
3.157869E+2	1.269125E+3	5.252591E+3
3.157528E+2	1.268782E+3	5.278533E+3
3.154709E+2	1.268467E+3	5.303371E+3
3.153861E+2	1.268123E+3	5.330628E+3
3.151129E+2	1.267763E+3	5.356231E+3
3.151794E+2	1.267448E+3	5.382261E+3
3.148800E+2	1.267017E+3	5.408748E+3
3.147389E+2	1.266599E+3	5.435069E+3
3.146802E+2	1.266452E+3	5.461778E+3
3.143130E+2	1.266063E+3	5.488742E+3
3.144301E+2	1.265625E+3	5.516113E+3
3.141329E+2	1.265309E+3	5.543210E+3
3.141841E+2	1.264934E+3	5.570068E+3
3.140402E+2	1.264575E+3	5.598046E+3
3.139700E+2	1.264196E+3	5.626036E+3
3.138100E+2	1.263807E+3	5.655286E+3
3.134960E+2	1.263495E+3	5.682734E+3
3.132755E+2	1.263107E+3	5.710543E+3
3.132493E+2	1.262681E+3	5.739648E+3
3.131103E+2	1.262343E+3	5.767991E+3
3.128632E+2	1.262003E+3	5.797639E+3
3.127703E+2	1.261543E+3	5.825035E+3
3.126232E+2	1.261229E+3	5.856041E+3
3.122989E+2	1.260741E+3	5.885539E+3
3.123577E+2	1.260401E+3	5.914315E+3
3.120977E+2	1.259962E+3	5.944750E+3
3.119522E+2	1.259618E+3	5.974778E+3
3.119317E+2	1.259264E+3	6.005509E+3
3.118534E+2	1.258832E+3	6.036477E+3
3.114585E+2	1.258359E+3	6.067432E+3
3.114850E+2	1.258079E+3	6.096869E+3
3.111225E+2	1.257584E+3	6.128660E+3
3.112331E+2	1.257199E+3	6.159814E+3
3.111794E+2	1.256766E+3	6.191253E+3
3.108859E+2	1.256407E+3	6.223306E+3
3.107508E+2	1.255863E+3	6.254037E+3
3.108284E+2	1.255519E+3	6.285559E+3
3.104533E+2	1.255136E+3	6.318044E+3
3.103703E+2	1.254602E+3	6.350486E+3
3.102637E+2	1.254178E+3	6.382982E+3
3.101126E+2	1.253795E+3	6.415588E+3
3.098145E+2	1.253420E+3	6.447792E+3
3.097612E+2	1.252891E+3	6.482128E+3
3.095627E+2	1.252474E+3	6.515065E+3
3.095941E+2	1.252065E+3	6.547342E+3
3.094146E+2	1.251644E+3	6.580558E+3
3.092190E+2	1.251168E+3	6.615448E+3
3.089927E+2	1.250811E+3	6.649093E+3
3.089999E+2	1.250289E+3	6.683126E+3
3.088704E+2	1.249736E+3	6.716099E+3
3.087937E+2	1.249362E+3	6.751133E+3
3.086007E+2	1.248897E+3	6.784485E+3
3.084572E+2	1.248465E+3	6.819371E+3
3.082951E+2	1.247944E+3	6.855470E+3
3.081257E+2	1.247523E+3	6.889914E+3
3.079950E+2	1.247114E+3	6.925519E+3
3.078255E+2	1.246693E+3	6.961743E+3
3.076574E+2	1.246109E+3	6.996832E+3
3.075852E+2	1.245756E+3	7.032012E+3
3.073884E+2	1.245210E+3	7.068487E+3
3.070777E+2	1.244741E+3	7.103470E+3
3.069708E+2	1.244292E+3	7.141099E+3
3.068656E+2	1.243781E+3	7.175463E+3
3.066717E+2	1.243310E+3	7.212043E+3
3.067279E+2	1.242948E+3	7.249349E+3
3.063606E+2	1.242395E+3	7.284601E+3
3.066370E+2	1.241996E+3	7.322372E+3
3.061749E+2	1.241488E+3	7.359981E+3
3.060858E+2	1.240935E+3	7.397542E+3
3.060630E+2	1.240541E+3	7.433861E+3
3.057762E+2	1.239963E+3	7.471717E+3
3.057230E+2	1.239485E+3	7.509469E+3
3.055042E+2	1.239054E+3	7.548124E+3
3.056735E+2	1.238489E+3	7.585317E+3
3.055962E+2	1.238031E+3	7.622964E+3
3.051296E+2	1.237605E+3	7.662127E+3
3.052720E+2	1.237058E+3	7.700828E+3
3.050713E+2	1.236547E+3	7.739107E+3
3.049874E+2	1.235996E+3	7.776915E+3
3.047770E+2	1.235524E+3	7.816927E+3
3.047383E+2	1.235085E+3	7.853557E+3
3.045243E+2	1.234537E+3	7.894651E+3
3.044165E+2	1.234086E+3	7.932680E+3
3.043907E+2	1.233634E+3	7.972089E+3
3.041717E+2	1.232989E+3	8.011875E+3
3.039759E+2	1.232501E+3	8.052163E+3
3.037577E+2	1.232052E+3	8.092041E+3
3.039128E+2	1.231542E+3	8.131184E+3
3.037058E+2	1.230997E+3	8.171575E+3
3.035960E+2	1.230503E+3	8.213338E+3
3.032971E+2	1.230023E+3	8.255853E+3
3.032840E+2	1.229487E+3	8.294959E+3
3.028980E+2	1.228961E+3	8.336134E+3
3.029312E+2	1.228479E+3	8.376560E+3
3.028047E+2	1.227996E+3	8.418235E+3
3.026604E+2	1.227517E+3	8.458278E+3
3.026322E+2	1.227003E+3	8.501864E+3
3.023875E+2	1.226450E+3	8.542245E+3
3.022190E+2	1.225951E+3	8.584860E+3
3.025028E+2	1.225377E+3	8.624752E+3
3.020944E+2	1.224854E+3	8.669014E+3
3.021114E+2	1.224329E+3	8.710344E+3
3.019966E+2	1.223859E+3	8.753448E+3
3.017556E+2	1.223345E+3	8.797244E+3
3.016752E+2	1.222831E+3	8.838327E+3
3.015259E+2	1.222323E+3	8.880214E+3
3.014923E+2	1.221769E+3	8.924262E+3
3.012665E+2	1.221243E+3	8.966745E+3
3.012660E+2	1.220686E+3	9.010970E+3
3.011054E+2	1.220173E+3	9.055354E+3
3.009908E+2	1.219714E+3	9.099775E+3
3.008355E+2	1.219095E+3	9.142616E+3
3.008394E+2	1.218588E+3	9.186348E+3
3.006261E+2	1.218101E+3	9.230510E+3
3.003399E+2	1.217480E+3	9.274953E+3
3.003957E+2	1.217034E+3	9.319505E+3
3.001447E+2	1.216484E+3	9.364361E+3
3.001389E+2	1.215787E+3	9.409161E+3
2.998713E+2	1.215348E+3	9.452480E+3
2.998476E+2	1.214802E+3	9.499058E+3
2.997571E+2	1.214293E+3	9.544914E+3
2.995556E+2	1.213815E+3	9.588925E+3
2.994619E+2	1.213242E+3	9.634912E+3
2.993289E+2	1.212679E+3	9.680813E+3
2.993436E+2	1.212145E+3	9.726805E+3
2.990752E+2	1.211664E+3	9.772003E+3
2.990631E+2	1.211078E+3	9.819167E+3
2.988374E+2	1.210505E+3	9.864790E+3
2.987409E+2	1.210015E+3	9.910484E+3
2.988131E+2	1.209481E+3	9.955861E+3
2.985832E+2	1.208933E+3	1.000332E+4
2.986007E+2	1.208421E+3	1.005039E+4
2.984078E+2	1.207898E+3	1.009860E+4
2.982952E+2	1.207309E+3	1.014489E+4
2.980326E+2	1.206747E+3	1.019095E+4
2.979111E+2	1.206259E+3	1.023930E+4
2.979212E+2	1.205702E+3	1.028718E+4
2.978579E+2	1.205222E+3	1.033350E+4
2.978602E+2	1.204621E+3	1.038156E+4
2.976571E+2	1.204067E+3	1.042969E+4
2.975283E+2	1.203442E+3	1.047673E+4
2.976171E+2	1.202962E+3	1.052447E+4
2.973653E+2	1.202385E+3	1.057342E+4
2.973879E+2	1.201904E+3	1.062087E+4
2.969258E+2	1.201276E+3	1.066898E+4
2.968948E+2	1.200717E+3	1.071793E+4
2.967136E+2	1.200301E+3	1.076668E+4
2.968201E+2	1.199646E+3	1.081470E+4
2.965936E+2	1.199091E+3	1.086506E+4
2.964562E+2	1.198493E+3	1.091318E+4
2.962631E+2	1.198029E+3	1.096224E+4
2.962172E+2	1.197488E+3	1.101345E+4
2.961764E+2	1.196992E+3	1.106135E+4
2.961123E+2	1.196378E+3	1.111278E+4
2.958896E+2	1.195865E+3	1.116245E+4
2.957824E+2	1.195363E+3	1.121170E+4
2.958272E+2	1.194807E+3	1.126148E+4
2.955705E+2	1.194211E+3	1.131483E+4
2.954265E+2	1.193637E+3	1.136231E+4
2.953818E+2	1.193127E+3	1.141118E+4
2.953699E+2	1.192537E+3	1.145993E+4
2.954620E+2	1.192007E+3	1.151254E+4
2.952203E+2	1.191439E+3	1.156605E+4
2.952438E+2	1.190953E+3	1.161642E+4
2.950679E+2	1.190388E+3	1.166688E+4
2.947357E+2	1.189765E+3	1.172128E+4
2.947999E+2	1.189223E+3	1.177100E+4
2.947183E+2	1.188687E+3	1.182069E+4
2.943831E+2	1.188065E+3	1.187451E+4
2.942705E+2	1.187542E+3	1.192635E+4
2.944161E+2	1.187052E+3	1.197734E+4
2.941002E+2	1.186483E+3	1.202921E+4
2.941190E+2	1.185948E+3	1.208033E+4
2.940770E+2	1.185335E+3	1.213067E+4
2.940059E+2	1.184843E+3	1.218448E+4
2.937422E+2	1.184312E+3	1.223875E+4
2.936631E+2	1.183678E+3	1.228797E+4
2.935753E+2	1.183205E+3	1.234229E+4
2.934829E+2	1.182605E+3	1.239482E+4
2.935439E+2	1.182040E+3	1.244821E+4
2.932708E+2	1.181454E+3	1.250173E+4
2.935113E+2	1.180956E+3	1.255564E+4
2.931324E+2	1.180430E+3	1.261184E+4
2.931151E+2	1.179938E+3	1.266200E+4
2.930566E+2	1.179300E+3	1.271525E+4
2.927555E+2	1.178766E+3	1.277117E+4
2.927790E+2	1.178231E+3	1.282483E+4
2.926390E+2	1.177646E+3	1.287999E+4
2.925592E+2	1.177104E+3	1.292934E+4
2.925810E+2	1.176608E+3	1.298498E+4
2.923323E+2	1.175992E+3	1.303965E+4
2.922881E+2	1.175497E+3	1.309189E+4
2.920800E+2	1.174991E+3	1.314844E+4
2.920925E+2	1.174390E+3	1.320531E+4
2.918569E+2	1.173775E+3	1.325817E+4
2.918083E+2	1.173260E+3	1.331503E+4
2.916575E+2	1.172753E+3	1.336871E+4
2.914651E+2	1.172123E+3	1.342470E+4
2.917240E+2	1.171580E+3	1.347832E+4
2.916675E+2	1.171124E+3	1.353481E+4
2.914897E+2	1.170506E+3	1.359094E+4
2.914396E+2	1.169918E+3	1.364579E+4
2.912147E+2	1.169397E+3	1.370159E+4
2.910094E+2	1.168839E+3	1.375832E+4
2.910044E+2	1.168340E+3	1.381456E+4
2.908126E+2	1.167735E+3	1.387265E+4
2.909128E+2	1.167200E+3	1.392764E+4
2.908839E+2	1.166662E+3	1.398153E+4
2.907930E+2	1.166092E+3	1.403603E+4
2.906208E+2	1.165578E+3	1.409664E+4
2.904556E+2	1.164972E+3	1.415147E+4
2.904633E+2	1.164512E+3	1.420870E+4
2.905226E+2	1.163982E+3	1.426433E+4
2.904771E+2	1.163405E+3	1.432213E+4
2.901367E+2	1.162823E+3	1.438021E+4
2.902737E+2	1.162369E+3	1.443692E+4
2.901571E+2	1.161834E+3	1.449808E+4
2.899989E+2	1.161250E+3	1.455411E+4
2.897813E+2	1.160686E+3	1.461108E+4
2.897361E+2	1.160158E+3	1.466781E+4
2.897957E+2	1.159615E+3	1.472918E+4
2.896910E+2	1.159102E+3	1.478261E+4
2.896107E+2	1.158504E+3	1.484454E+4
2.894929E+2	1.157963E+3	1.490236E+4
2.893656E+2	1.157433E+3	1.495988E+4
2.894487E+2	1.156926E+3	1.502124E+4
2.891626E+2	1.156379E+3	1.507770E+4
2.891496E+2	1.155763E+3	1.513747E+4
2.890519E+2	1.155257E+3	1.519726E+4
2.888770E+2	1.154795E+3	1.525435E+4
2.888861E+2	1.154183E+3	1.531336E+4
2.888707E+2	1.153652E+3	1.537141E+4
2.886039E+2	1.153054E+3	1.543272E+4
2.885533E+2	1.152482E+3	1.549254E+4
2.886197E+2	1.152023E+3	1.555296E+4
2.881579E+2	1.151486E+3	1.561158E+4
2.883180E+2	1.151013E+3	1.567161E+4
2.882717E+2	1.150457E+3	1.572659E+4
2.882673E+2	1.149922E+3	1.578749E+4
2.880311E+2	1.149289E+3	1.584797E+4
2.878812E+2	1.148814E+3	1.590903E+4
2.878175E+2	1.148221E+3	1.596957E+4
2.875888E+2	1.147708E+3	1.602600E+4
2.876798E+2	1.147247E+3	1.608932E+4
2.877247E+2	1.146700E+3	1.614641E+4
2.877808E+2	1.146151E+3	1.620848E+4
2.874524E+2	1.145649E+3	1.627242E+4
2.874917E+2	1.145128E+3	1.633185E+4
2.873724E+2	1.144525E+3	1.639171E+4
2.871456E+2	1.144003E+3	1.645218E+4
2.872149E+2	1.143459E+3	1.650986E+4
2.870550E+2	1.142939E+3	1.657499E+4
2.871188E+2	1.142369E+3	1.663555E+4
2.869451E+2	1.141865E+3	1.669989E+4
2.868103E+2	1.141292E+3	1.676409E+4
2.868704E+2	1.140740E+3	1.681833E+4
2.867977E+2	1.140227E+3	1.688325E+4
2.868246E+2	1.139721E+3	1.694161E+4
2.865333E+2	1.139102E+3	1.700601E+4
2.863530E+2	1.138682E+3	1.706409E+4
2.862805E+2	1.138159E+3	1.713202E+4
2.863388E+2	1.137616E+3	1.719490E+4
2.859956E+2	1.137057E+3	1.725603E+4
2.862282E+2	1.136567E+3	1.731611E+4
2.859956E+2	1.136025E+3	1.738043E+4
2.860335E+2	1.135534E+3	1.744311E+4
2.860101E+2	1.135015E+3	1.750459E+4
2.858462E+2	1.134434E+3	1.756545E+4
2.858130E+2	1.133939E+3	1.762834E+4
2.856879E+2	1.133392E+3	1.768897E+4
2.856725E+2	1.132860E+3	1.775197E+4
2.857750E+2	1.132317E+3	1.781704E+4
2.855885E+2	1.131817E+3	1.787691E+4
2.852967E+2	1.131387E+3	1.793684E+4
2.854166E+2	1.130743E+3	1.800349E+4
2.853163E+2	1.130224E+3	1.806536E+4
2.852687E+2	1.129768E+3	1.812891E+4
2.850462E+2	1.129234E+3	1.819207E+4
2.851023E+2	1.128790E+3	1.825726E+4
2.850352E+2	1.128213E+3	1.831912E+4
2.849441E+2	1.127637E+3	1.838420E+4
2.849290E+2	1.127143E+3	1.844822E+4
2.849299E+2	1.126637E+3	1.851041E+4
2.847836E+2	1.126152E+3	1.857499E+4
2.848405E+2	1.125645E+3	1.863734E+4
2.845628E+2	1.125103E+3	1.870431E+4
2.845370E+2	1.124627E+3	1.876084E+4
2.844210E+2	1.124143E+3	1.882496E+4
2.842863E+2	1.123613E+3	1.888919E+4
2.843808E+2	1.123083E+3	1.895288E+4
2.839714E+2	1.122608E+3	1.901849E+4
2.841238E+2	1.122068E+3	1.908472E+4
2.841570E+2	1.121521E+3	1.915018E+4
2.840507E+2	1.120985E+3	1.921119E+4
2.837746E+2	1.120480E+3	1.927876E+4
2.838852E+2	1.119971E+3	1.934332E+4
2.838693E+2	1.119472E+3	1.940551E+4
2.837986E+2	1.119010E+3	1.947356E+4
2.835401E+2	1.118495E+3	1.953574E+4
2.837438E+2	1.117961E+3	1.960219E+4
2.834691E+2	1.117417E+3	1.966609E+4
2.833720E+2	1.116910E+3	1.973379E+4
2.833650E+2	1.116353E+3	1.979706E+4
2.832045E+2	1.115874E+3	1.986036E+4
2.834215E+2	1.115411E+3	1.992374E+4
2.832496E+2	1.115018E+3	1.998896E+4
2.830983E+2	1.114361E+3	2.005836E+4
2.829976E+2	1.113945E+3	2.012518E+4
2.829250E+2	1.113394E+3	2.018588E+4
2.827582E+2	1.112986E+3	2.024890E+4
2.827460E+2	1.112440E+3	2.031517E+4
2.827254E+2	1.111903E+3	2.038671E+4
2.827533E+2	1.111425E+3	2.044654E+4
2.825863E+2	1.110840E+3	2.051217E+4
2.825186E+2	1.110422E+3	2.058539E+4
2.824957E+2	1.109946E+3	2.064680E+4
2.823809E+2	1.109450E+3	2.071278E+4
2.822094E+2	1.108981E+3	2.077571E+4
2.822937E+2	1.108435E+3	2.084376E+4
2.820644E+2	1.108008E+3	2.090651E+4
2.822100E+2	1.107491E+3	2.097736E+4
2.821249E+2	1.106990E+3	2.103900E+4
2.819432E+2	1.106493E+3	2.111018E+4
2.819876E+2	1.105968E+3	2.117404E+4
2.818260E+2	1.105428E+3	2.124028E+4
2.818748E+2	1.105035E+3	2.130578E+4
2.818139E+2	1.104523E+3	2.137375E+4
2.816994E+2	1.104033E+3	2.143955E+4
2.817996E+2	1.103544E+3	2.150298E+4
2.817220E+2	1.103057E+3	2.157098E+4
2.816293E+2	1.102552E+3	2.163932E+4
2.814871E+2	1.102147E+3	2.170559E+4
2.812883E+2	1.101580E+3	2.177482E+4
2.812562E+2	1.101071E+3	2.184242E+4
2.811945E+2	1.100650E+3	2.190891E+4
2.812309E+2	1.100167E+3	2.197788E+4
2.810783E+2	1.099677E+3	2.204153E+4
2.810287E+2	1.099191E+3	2.210053E+4
2.808016E+2	1.098708E+3	2.217481E+4
2.809498E+2	1.098251E+3	2.223835E+4
2.807123E+2	1.097753E+3	2.230417E+4
2.809945E+2	1.097301E+3	2.237799E+4
2.806933E+2	1.096804E+3	2.244339E+4
2.806387E+2	1.096302E+3	2.250633E+4
2.806548E+2	1.095770E+3	2.257657E+4
2.805571E+2	1.095312E+3	2.264287E+4
2.805787E+2	1.094920E+3	2.270780E+4
2.804829E+2	1.094394E+3	2.277949E+4
2.804153E+2	1.093930E+3	2.284742E+4
2.804742E+2	1.093415E+3	2.291243E+4
2.803830E+2	1.092987E+3	2.297936E+4
2.802019E+2	1.092507E+3	2.304979E+4
2.798784E+2	1.091960E+3	2.311717E+4
2.798497E+2	1.091564E+3	2.318547E+4
2.798696E+2	1.091123E+3	2.325525E+4
2.798915E+2	1.090649E+3	2.332136E+4
2.800760E+2	1.090180E+3	2.337968E+4
2.800189E+2	1.089689E+3	2.345396E+4
2.797445E+2	1.089223E+3	2.351745E+4
2.798064E+2	1.088778E+3	2.358767E+4
2.796770E+2	1.088297E+3	2.365232E+4
2.795998E+2	1.087849E+3	2.372032E+4
2.794855E+2	1.087336E+3	2.379180E+4
2.795923E+2	1.086912E+3	2.386155E+4
2.795075E+2	1.086422E+3	2.392521E+4
2.794293E+2	1.086021E+3	2.399567E+4
2.793476E+2	1.085478E+3	2.406535E+4
2.792928E+2	1.085081E+3	2.412426E+4
2.792129E+2	1.084607E+3	2.419486E+4
2.791930E+2	1.084147E+3	2.426412E+4
2.791361E+2	1.083697E+3	2.433264E+4
2.788308E+2	1.083152E+3	2.440444E+4
2.788028E+2	1.082809E+3	2.446832E+4
2.788526E+2	1.082230E+3	2.453535E+4
2.788278E+2	1.081863E+3	2.460640E+4
2.788629E+2	1.081378E+3	2.467715E+4
2.785666E+2	1.080849E+3	2.474722E+4
2.787116E+2	1.080480E+3	2.481196E+4
2.785591E+2	1.079957E+3	2.487589E+4
2.785167E+2	1.079477E+3	2.495073E+4
2.784424E+2	1.079125E+3	2.500858E+4
2.784780E+2	1.078725E+3	2.508505E+4
2.783225E+2	1.078180E+3	2.515302E+4
2.785874E+2	1.077801E+3	2.522146E+4
2.784587E+2	1.077329E+3	2.528944E+4
2.782471E+2	1.076924E+3	2.535651E+4
2.781472E+2	1.076452E+3	2.542967E+4
2.781294E+2	1.075954E+3	2.549109E+4
2.780268E+2	1.075531E+3	2.555941E+4
2.780048E+2	1.075072E+3	2.563417E+4
2.780493E+2	1.074652E+3	2.570233E+4
2.779090E+2	1.074213E+3	2.576836E+4
2.778550E+2	1.073792E+3	2.583952E+4
2.775680E+2	1.073302E+3	2.591298E+4
2.778551E+2	1.072809E+3	2.597562E+4
2.777794E+2	1.072440E+3	2.605046E+4
2.776744E+2	1.071993E+3	2.611241E+4
2.776287E+2	1.071560E+3	2.618424E+4
2.774310E+2	1.071090E+3	2.624819E+4
2.774503E+2	1.070651E+3	2.632098E+4
2.771931E+2	1.070267E+3	2.639304E+4
2.772502E+2	1.069781E+3	2.645444E+4
2.771689E+2	1.069383E+3	2.652328E+4
2.771587E+2	1.068898E+3	2.660210E+4
2.772859E+2	1.068496E+3	2.666271E+4
2.771624E+2	1.067961E+3	2.673277E+4
2.770109E+2	1.067571E+3	2.680815E+4
2.771898E+2	1.067166E+3	2.687098E+4
2.767959E+2	1.066749E+3	2.694472E+4
2.769726E+2	1.066233E+3	2.700975E+4
2.768971E+2	1.065869E+3	2.708233E+4
2.769413E+2	1.065395E+3	2.714950E+4
2.768838E+2	1.064978E+3	2.721347E+4
2.766956E+2	1.064619E+3	2.728778E+4
2.765590E+2	1.064163E+3	2.735499E+4
2.766719E+2	1.063671E+3	2.742913E+4
2.766744E+2	1.063312E+3	2.749312E+4
2.767413E+2	1.062890E+3	2.756624E+4
2.765223E+2	1.062504E+3	2.763694E+4
2.763284E+2	1.061975E+3	2.769990E+4
2.764023E+2	1.061603E+3	2.777067E+4
2.763512E+2	1.061149E+3	2.783781E+4
2.762264E+2	1.060685E+3	2.789718E+4
2.761329E+2	1.060302E+3	2.797691E+4
2.760677E+2	1.059969E+3	2.804558E+4
2.760433E+2	1.059519E+3	2.811650E+4
2.760784E+2	1.059089E+3	2.818191E+4
2.759134E+2	1.058711E+3	2.824879E+4
2.759958E+2	1.058284E+3	2.831706E+4
2.760503E+2	1.057819E+3	2.838940E+4
2.759095E+2	1.057423E+3	2.844999E+4
2.759166E+2	1.056968E+3	2.852111E+4
2.758713E+2	1.056531E+3	2.860095E+4
2.759307E+2	1.056139E+3	2.866285E+4
2.756844E+2	1.055677E+3	2.872950E+4
2.757011E+2	1.055287E+3	2.880454E+4
2.757412E+2	1.054946E+3	2.887557E+4
2.755544E+2	1.054460E+3	2.894416E+4
2.756787E+2	1.053985E+3	2.901349E+4
2.754960E+2	1.053555E+3	2.907673E+4
2.753753E+2	1.053173E+3	2.914821E+4
2.754377E+2	1.052778E+3	2.921466E+4
2.752142E+2	1.052444E+3	2.928646E+4
2.752065E+2	1.051956E+3	2.935515E+4
2.751508E+2	1.051548E+3	2.941628E+4
2.750865E+2	1.051146E+3	2.949119E+4
2.751054E+2	1.050770E+3	2.956817E+4
2.752302E+2	1.050390E+3	2.963942E+4
2.750642E+2	1.049909E+3	2.969360E+4
2.750516E+2	1.049556E+3	2.976997E+4
2.750226E+2	1.049116E+3	2.983849E+4
2.750765E+2	1.048776E+3	2.990909E+4
2.749549E+2	1.048342E+3	2.997336E+4
2.747405E+2	1.048011E+3	3.004557E+4
2.750003E+2	1.047568E+3	3.010881E+4
2.748161E+2	1.047193E+3	3.018339E+4
2.746669E+2	1.046829E+3	3.024430E+4
2.747319E+2	1.046387E+3	3.031911E+4
2.744092E+2	1.046005E+3	3.039378E+4
2.746449E+2	1.045562E+3	3.045355E+4
2.746260E+2	1.045208E+3	3.053128E+4
2.744326E+2	1.044777E+3	3.059320E+4
2.746926E+2	1.044391E+3	3.066133E+4
2.746038E+2	1.044047E+3	3.073607E+4
2.744122E+2	1.043573E+3	3.079845E+4
2.742987E+2	1.043238E+3	3.086346E+4
2.742905E+2	1.042807E+3	3.094352E+4
2.744432E+2	1.042419E+3	3.100473E+4
2.742859E+2	1.042096E+3	3.107201E+4
2.742534E+2	1.041647E+3	3.114438E+4
2.741702E+2	1.041263E+3	3.121002E+4
2.743698E+2	1.040917E+3	3.128376E+4
2.742844E+2	1.040498E+3	3.134988E+4
2.742444E+2	1.040110E+3	3.141733E+4
2.741318E+2	1.039706E+3	3.147635E+4
2.739682E+2	1.039336E+3	3.155236E+4
2.738825E+2	1.038905E+3	3.162459E+4
2.739242E+2	1.038542E+3	3.168696E+4
2.739009E+2	1.038181E+3	3.175829E+4
2.737527E+2	1.037816E+3	3.181921E+4
2.738239E+2	1.037404E+3	3.190039E+4
2.736056E+2	1.036998E+3	3.196977E+4
2.737839E+2	1.036700E+3	3.203183E+4
2.736432E+2	1.036320E+3	3.210152E+4
2.736684E+2	1.035917E+3	3.216150E+4
2.735599E+2	1.035504E+3	3.223909E+4
2.735829E+2	1.035112E+3	3.230649E+4
2.734180E+2	1.034756E+3	3.236976E+4
2.734677E+2	1.034328E+3	3.243724E+4
2.735391E+2	1.034025E+3	3.250558E+4
2.734772E+2	1.033609E+3	3.258033E+4
2.732682E+2	1.033272E+3	3.264146E+4
2.733967E+2	1.032865E+3	3.271540E+4
2.735451E+2	1.032506E+3	3.277949E+4
2.731907E+2	1.032102E+3	3.284875E+4
2.732022E+2	1.031730E+3	3.292141E+4
2.731352E+2	1.031439E+3	3.298054E+4
2.731580E+2	1.031090E+3	3.305075E+4
2.730111E+2	1.030664E+3	3.312460E+4
2.730127E+2	1.030326E+3	3.318984E+4
2.730485E+2	1.029888E+3	3.324901E+4
2.730378E+2	1.029543E+3	3.332458E+4
2.729469E+2	1.029097E+3	3.339349E+4
2.728701E+2	1.028772E+3	3.345639E+4
2.727310E+2	1.028429E+3	3.353307E+4
2.728562E+2	1.028110E+3	3.359698E+4
2.728028E+2	1.027712E+3	3.366404E+4
2.724717E+2	1.027319E+3	3.372905E+4
2.725679E+2	1.026999E+3	3.379731E+4
2.727331E+2	1.026624E+3	3.385883E+4
2.726858E+2	1.026257E+3	3.393387E+4
2.723838E+2	1.025855E+3	3.400535E+4
2.725109E+2	1.025550E+3	3.406623E+4
2.724454E+2	1.025162E+3	3.413900E+4
2.723911E+2	1.024827E+3	3.419354E+4
2.722081E+2	1.024447E+3	3.427335E+4
2.724369E+2	1.024114E+3	3.433766E+4
2.723526E+2	1.023770E+3	3.441041E+4
2.724430E+2	1.023330E+3	3.446700E+4
2.722482E+2	1.022964E+3	3.453361E+4
2.722135E+2	1.022605E+3	3.460737E+4
2.722050E+2	1.022197E+3	3.466467E+4
2.721497E+2	1.021847E+3	3.474052E+4
2.719428E+2	1.021584E+3	3.480917E+4
2.720073E+2	1.021237E+3	3.486829E+4
2.720423E+2	1.020806E+3	3.494370E+4
2.720709E+2	1.020537E+3	3.500751E+4
2.719738E+2	1.020117E+3	3.507043E+4
2.717050E+2	1.019766E+3	3.514263E+4
2.719110E+2	1.019432E+3	3.521492E+4
2.717342E+2	1.019086E+3	3.527760E+4
2.716778E+2	1.018772E+3	3.534270E+4
2.717350E+2	1.018384E+3	3.540848E+4
2.717915E+2	1.018044E+3	3.547838E+4
2.718829E+2	1.017707E+3	3.553766E+4
2.716397E+2	1.017355E+3	3.561627E+4
2.716092E+2	1.017076E+3	3.567477E+4
2.717192E+2	1.016711E+3	3.574159E+4
2.716126E+2	1.016310E+3	3.581045E+4
2.715050E+2	1.015954E+3	3.587449E+4
2.715881E+2	1.015613E+3	3.593541E+4
2.714965E+2	1.015352E+3	3.600268E+4
2.715603E+2	1.014951E+3	3.606185E+4
2.714393E+2	1.014572E+3	3.612729E+4
2.712246E+2	1.014279E+3	3.621006E+4
2.714056E+2	1.013970E+3	3.626889E+4
2.712132E+2	1.013619E+3	3.634356E+4
2.712381E+2	1.013258E+3	3.640028E+4
2.712904E+2	1.012886E+3	3.646486E+4
2.712099E+2	1.012624E+3	3.653339E+4
2.710600E+2	1.012263E+3	3.660032E+4
2.712269E+2	1.011931E+3	3.666080E+4
2.710029E+2	1.011548E+3	3.672690E+4
2.709964E+2	1.011311E+3	3.679420E+4
2.709761E+2	1.010915E+3	3.686305E+4
2.709550E+2	1.010591E+3	3.692315E+4
2.709715E+2	1.010271E+3	3.699598E+4
2.708236E+2	1.009930E+3	3.706294E+4
2.709470E+2	1.009715E+3	3.711153E+4
2.707831E+2	1.009303E+3	3.719123E+4
2.706969E+2	1.008954E+3	3.724922E+4
2.709092E+2	1.008655E+3	3.730429E+4
2.707883E+2	1.008303E+3	3.737703E+4
2.706072E+2	1.007942E+3	3.744152E+4
2.706996E+2	1.007618E+3	3.750685E+4
2.705460E+2	1.007322E+3	3.758268E+4
2.704970E+2	1.006984E+3	3.763931E+4
2.706064E+2	1.006637E+3	3.770682E+4
2.705071E+2	1.006291E+3	3.777113E+4
2.706216E+2	1.005984E+3	3.783386E+4
2.705493E+2	1.005659E+3	3.789574E+4
2.706051E+2	1.005293E+3	3.796667E+4
2.705209E+2	1.004945E+3	3.802562E+4
2.702245E+2	1.004684E+3	3.808810E+4
2.704489E+2	1.004320E+3	3.815784E+4
2.702880E+2	1.004051E+3	3.822151E+4
2.703427E+2	1.003693E+3	3.829142E+4
2.703842E+2	1.003414E+3	3.836332E+4
2.701697E+2	1.003044E+3	3.841412E+4
2.704069E+2	1.002711E+3	3.847210E+4
2.702718E+2	1.002451E+3	3.853950E+4
2.702422E+2	1.002152E+3	3.859915E+4
2.703115E+2	1.001758E+3	3.867103E+4
2.701122E+2	1.001503E+3	3.873512E+4
2.702334E+2	1.001248E+3	3.879499E+4
2.699629E+2	1.000862E+3	3.885618E+4
2.702081E+2	1.000547E+3	3.892572E+4
2.700257E+2	1.000233E+3	3.899056E+4
2.701313E+2	9.999033E+2	3.904795E+4
2.699962E+2	9.995924E+2	3.912474E+4
2.699258E+2	9.992599E+2	3.917867E+4
2.698744E+2	9.990099E+2	3.924209E+4
2.698252E+2	9.987245E+2	3.930390E+4
2.699046E+2	9.983751E+2	3.937404E+4
2.698559E+2	9.980717E+2	3.944104E+4
2.699573E+2	9.977461E+2	3.950299E+4
2.699729E+2	9.974724E+2	3.955937E+4
2.697829E+2	9.971766E+2	3.962524E+4
2.699834E+2	9.968808E+2	3.969122E+4
2.696877E+2	9.966229E+2	3.975443E+4
2.697568E+2	9.962967E+2	3.982213E+4
2.695960E+2	9.959616E+2	3.989064E+4
2.696928E+2	9.956675E+2	3.994448E+4
2.696928E+2	9.953551E+2	4.000634E+4
2.697064E+2	9.950539E+2	4.006071E+4
2.694648E+2	9.948009E+2	4.012239E+4
2.695524E+2	9.943829E+2	4.020090E+4
2.694238E+2	9.941460E+2	4.024899E+4
2.693551E+2	9.938214E+2	4.032480E+4
2.694498E+2	9.935452E+2	4.038281E+4
2.694338E+2	9.932018E+2	4.045302E+4
2.692409E+2	9.929330E+2	4.049762E+4
2.693915E+2	9.926444E+2	4.055535E+4
2.691703E+2	9.923110E+2	4.063112E+4
2.692450E+2	9.920432E+2	4.068116E+4
2.691428E+2	9.917353E+2	4.075220E+4
2.692537E+2	9.914947E+2	4.081060E+4
2.690729E+2	9.911517E+2	4.086603E+4
2.692887E+2	9.909202E+2	4.093851E+4
2.690794E+2	9.906070E+2	4.100295E+4
2.690523E+2	9.902720E+2	4.105591E+4
2.690641E+2	9.899988E+2	4.113272E+4
2.692083E+2	9.897024E+2	4.118314E+4
2.689887E+2	9.893954E+2	4.124511E+4
2.689353E+2	9.890745E+2	4.131373E+4
2.689755E+2	9.888114E+2	4.136820E+4
2.687013E+2	9.885771E+2	4.142997E+4
2.687072E+2	9.882677E+2	4.149424E+4
2.687463E+2	9.879985E+2	4.155161E+4
2.689197E+2	9.876851E+2	4.161689E+4
2.688057E+2	9.873449E+2	4.167058E+4
2.688427E+2	9.871216E+2	4.173543E+4
2.688141E+2	9.868731E+2	4.179708E+4
2.685600E+2	9.865550E+2	4.186545E+4
2.685691E+2	9.862185E+2	4.191276E+4
2.685758E+2	9.860108E+2	4.197481E+4
2.686026E+2	9.857124E+2	4.203924E+4
2.685681E+2	9.854239E+2	4.209784E+4
2.686525E+2	9.851968E+2	4.215722E+4
2.685339E+2	9.848194E+2	4.221949E+4
2.684238E+2	9.846342E+2	4.227574E+4
2.683434E+2	9.842769E+2	4.234121E+4
2.685064E+2	9.840662E+2	4.239661E+4
2.683936E+2	9.838001E+2	4.246052E+4
2.683452E+2	9.834694E+2	4.251507E+4
2.685368E+2	9.831476E+2	4.258722E+4
2.685195E+2	9.829249E+2	4.264098E+4
2.683671E+2	9.826616E+2	4.269697E+4
2.684413E+2	9.823934E+2	4.275228E+4
2.682617E+2	9.820328E+2	4.282642E+4
2.683058E+2	9.817629E+2	4.287852E+4
2.682315E+2	9.814584E+2	4.295133E+4
2.681534E+2	9.811752E+2	4.300303E+4
2.681217E+2	9.809089E+2	4.306090E+4
2.683291E+2	9.807035E+2	4.312300E+4
2.680786E+2	9.803843E+2	4.317227E+4
2.682256E+2	9.800899E+2	4.323305E+4
2.681837E+2	9.797938E+2	4.330424E+4
2.680564E+2	9.795304E+2	4.336140E+4
2.681192E+2	9.793151E+2	4.340709E+4
2.679886E+2	9.790643E+2	4.348041E+4
2.680365E+2	9.787609E+2	4.352740E+4
2.679396E+2	9.784596E+2	4.358890E+4
2.678243E+2	9.782039E+2	4.364908E+4
2.679203E+2	9.779841E+2	4.370997E+4
2.679410E+2	9.776930E+2	4.377190E+4
2.678719E+2	9.774029E+2	4.381924E+4
2.679004E+2	9.771668E+2	4.387500E+4
2.676982E+2	9.768772E+2	4.395052E+4
2.677342E+2	9.766181E+2	4.399050E+4
2.677565E+2	9.763819E+2	4.408005E+4
2.677030E+2	9.760696E+2	4.411692E+4
2.677699E+2	9.759003E+2	4.419280E+4
2.675527E+2	9.756133E+2	4.424497E+4
2.677014E+2	9.752757E+2	4.429410E+4
2.677320E+2	9.750112E+2	4.436682E+4
2.677804E+2	9.748207E+2	4.442272E+4
2.676655E+2	9.745158E+2	4.448383E+4
2.675174E+2	9.742601E+2	4.453060E+4
2.674937E+2	9.739914E+2	4.458018E+4
2.675905E+2	9.737545E+2	4.463266E+4
2.675187E+2	9.734388E+2	4.470171E+4
2.674501E+2	9.732734E+2	4.476474E+4
2.673722E+2	9.729516E+2	4.481992E+4
2.674380E+2	9.726698E+2	4.488111E+4
2.673376E+2	9.724231E+2	4.493538E+4
2.673199E+2	9.722577E+2	4.499884E+4
2.671958E+2	9.719611E+2	4.504093E+4
2.674393E+2	9.716824E+2	4.509643E+4
2.672627E+2	9.714580E+2	4.514738E+4
2.672147E+2	9.712101E+2	4.522019E+4
2.673273E+2	9.709366E+2	4.527488E+4
2.671073E+2	9.706980E+2	4.532906E+4
2.671555E+2	9.704352E+2	4.538823E+4
2.671171E+2	9.701566E+2	4.544663E+4
2.670228E+2	9.699759E+2	4.550122E+4
2.670524E+2	9.696856E+2	4.554804E+4
2.671204E+2	9.694964E+2	4.560626E+4
2.671044E+2	9.691760E+2	4.566855E+4
2.670858E+2	9.689585E+2	4.571044E+4
2.670738E+2	9.686730E+2	4.579221E+4
2.670912E+2	9.684588E+2	4.582852E+4
2.671223E+2	9.682138E+2	4.588744E+4
2.669746E+2	9.679831E+2	4.595475E+4
2.670545E+2	9.677291E+2	4.600149E+4
2.669163E+2	9.674420E+2	4.605366E+4
2.668287E+2	9.672070E+2	4.611070E+4
2.670902E+2	9.669662E+2	4.617944E+4
2.668716E+2	9.667502E+2	4.622622E+4
2.668512E+2	9.664457E+2	4.629593E+4
2.667251E+2	9.662825E+2	4.635235E+4
2.668889E+2	9.660174E+2	4.639198E+4
2.667178E+2	9.657479E+2	4.645324E+4
2.667248E+2	9.655137E+2	4.650195E+4
2.669074E+2	9.652661E+2	4.655568E+4
2.666867E+2	9.650016E+2	4.662694E+4
2.665820E+2	9.648055E+2	4.668157E+4
2.666107E+2	9.645756E+2	4.673008E+4
2.666851E+2	9.642731E+2	4.678022E+4
2.666739E+2	9.640684E+2	4.683531E+4
2.664502E+2	9.638608E+2	4.688724E+4
2.666538E+2	9.636379E+2	4.694968E+4
2.665120E+2	9.633730E+2	4.700906E+4
2.665829E+2	9.631780E+2	4.704956E+4
2.666531E+2	9.628549E+2	4.711044E+4
2.665074E+2	9.626127E+2	4.717647E+4
2.666238E+2	9.624201E+2	4.721992E+4
2.666473E+2	9.621928E+2	4.727331E+4
2.664300E+2	9.619051E+2	4.731587E+4
2.664314E+2	9.617128E+2	4.738437E+4
2.664487E+2	9.615012E+2	4.742286E+4
2.662195E+2	9.612631E+2	4.749282E+4
2.664158E+2	9.610488E+2	4.752692E+4
2.664200E+2	9.607541E+2	4.758554E+4
2.662535E+2	9.605766E+2	4.765771E+4
2.662895E+2	9.603432E+2	4.770857E+4
2.662798E+2	9.600885E+2	4.776536E+4
2.663674E+2	9.598430E+2	4.781676E+4
2.662438E+2	9.596686E+2	4.786163E+4
2.661298E+2	9.593564E+2	4.792134E+4
2.663247E+2	9.591565E+2	4.796280E+4
2.663179E+2	9.589160E+2	4.801724E+4
2.661547E+2	9.587438E+2	4.808026E+4
2.662469E+2	9.584947E+2	4.810851E+4
2.663696E+2	9.582339E+2	4.817585E+4
2.663894E+2	9.580357E+2	4.823400E+4
2.661140E+2	9.578046E+2	4.827026E+4
2.661562E+2	9.575908E+2	4.833648E+4
2.662577E+2	9.573564E+2	4.838222E+4
2.661369E+2	9.571340E+2	4.843415E+4
2.660926E+2	9.569057E+2	4.848276E+4
2.661122E+2	9.566555E+2	4.854727E+4
2.660171E+2	9.565044E+2	4.859450E+4
2.660762E+2	9.562374E+2	4.864091E+4
2.660568E+2	9.560048E+2	4.870116E+4
2.660805E+2	9.558078E+2	4.873807E+4
2.658787E+2	9.555753E+2	4.881290E+4
2.660350E+2	9.554015E+2	4.884913E+4
2.658898E+2	9.551785E+2	4.891817E+4
2.660105E+2	9.549414E+2	4.896503E+4
2.659297E+2	9.546781E+2	4.899544E+4
2.659206E+2	9.544496E+2	4.906511E+4
2.658411E+2	9.542197E+2	4.910740E+4
2.657730E+2	9.540863E+2	4.916247E+4
2.656713E+2	9.538520E+2	4.919885E+4
2.657127E+2	9.536013E+2	4.926575E+4
2.657658E+2	9.534539E+2	4.932492E+4
2.656965E+2	9.532353E+2	4.937584E+4
2.656720E+2	9.530394E+2	4.942254E+4
2.657373E+2	9.527664E+2	4.947779E+4
2.657470E+2	9.525399E+2	4.952792E+4
2.657573E+2	9.523544E+2	4.957346E+4
2.656496E+2	9.521470E+2	4.962092E+4
2.656786E+2	9.519661E+2	4.966921E+4
2.656246E+2	9.516670E+2	4.973456E+4
2.655663E+2	9.515126E+2	4.978367E+4
2.653987E+2	9.513175E+2	4.982910E+4
2.654496E+2	9.510980E+2	4.987688E+4
2.654039E+2	9.508871E+2	4.994762E+4
2.654283E+2	9.506743E+2	4.999690E+4
2.654726E+2	9.504742E+2	5.002325E+4
2.653683E+2	9.502415E+2	5.009304E+4
2.654388E+2	9.500091E+2	5.012373E+4
2.653681E+2	9.498078E+2	5.017981E+4
2.653832E+2	9.496091E+2	5.024093E+4
2.653095E+2	9.493879E+2	5.028203E+4
2.652487E+2	9.491937E+2	5.034635E+4
2.652285E+2	9.489643E+2	5.037755E+4
2.653436E+2	9.488121E+2	5.043273E+4
2.653413E+2	9.485961E+2	5.046699E+4
2.651658E+2	9.482913E+2	5.053041E+4
2.652967E+2	9.481846E+2	5.057877E+4
2.651181E+2	9.479524E+2	5.062956E+4
2.653427E+2	9.477583E+2	5.067280E+4
2.651972E+2	9.475469E+2	5.072576E+4
2.651312E+2	9.473353E+2	5.078353E+4
2.650526E+2	9.471844E+2	5.081444E+4
2.652236E+2	9.469662E+2	5.086032E+4
2.650722E+2	9.467924E+2	5.092449E+4
2.651001E+2	9.465414E+2	5.097386E+4
2.649946E+2	9.463325E+2	5.101109E+4
2.649864E+2	9.461333E+2	5.106762E+4
2.650761E+2	9.459483E+2	5.111172E+4
2.649686E+2	9.457927E+2	5.116380E+4
2.651637E+2	9.455449E+2	5.120166E+4
2.650465E+2	9.452851E+2	5.124606E+4
2.649158E+2	9.451388E+2	5.129497E+4
2.647738E+2	9.449809E+2	5.133689E+4
2.649699E+2	9.447885E+2	5.140351E+4
2.650219E+2	9.445456E+2	5.145874E+4
2.647446E+2	9.443384E+2	5.149948E+4
2.649179E+2	9.441850E+2	5.154392E+4
2.650111E+2	9.439577E+2	5.157565E+4
2.647578E+2	9.437852E+2	5.164903E+4
2.648208E+2	9.435769E+2	5.168808E+4
2.648033E+2	9.433684E+2	5.173551E+4
2.648977E+2	9.432200E+2	5.179164E+4
2.649783E+2	9.430179E+2	5.180800E+4
2.649004E+2	9.428373E+2	5.187822E+4
2.645885E+2	9.425843E+2	5.191626E+4
2.649046E+2	9.424731E+2	5.196239E+4
2.648170E+2	9.421888E+2	5.201811E+4
2.647242E+2	9.420649E+2	5.206419E+4
2.646339E+2	9.418462E+2	5.210007E+4
2.645874E+2	9.416743E+2	5.214963E+4
2.646098E+2	9.415034E+2	5.219685E+4
2.647020E+2	9.412601E+2	5.224885E+4
2.647319E+2	9.411030E+2	5.228806E+4
2.647969E+2	9.408493E+2	5.235858E+4
2.646560E+2	9.407223E+2	5.239955E+4
2.645258E+2	9.405247E+2	5.244393E+4
2.646295E+2	9.403098E+2	5.248349E+4
2.647750E+2	9.401220E+2	5.251682E+4
2.646592E+2	9.399607E+2	5.258255E+4
2.645632E+2	9.398207E+2	5.261380E+4
2.643540E+2	9.395665E+2	5.266297E+4
2.646657E+2	9.394026E+2	5.270797E+4
2.644542E+2	9.392065E+2	5.277899E+4
2.645394E+2	9.390395E+2	5.279520E+4
2.643563E+2	9.388690E+2	5.284632E+4
2.642815E+2	9.386264E+2	5.290601E+4
2.644786E+2	9.385119E+2	5.295768E+4
2.646134E+2	9.382596E+2	5.297276E+4
2.643788E+2	9.380962E+2	5.303470E+4
2.643995E+2	9.379123E+2	5.309062E+4
2.643662E+2	9.377823E+2	5.313220E+4
2.644117E+2	9.375967E+2	5.316809E+4
2.642924E+2	9.374136E+2	5.320576E+4
2.642866E+2	9.372681E+2	5.327431E+4
2.643043E+2	9.370500E+2	5.331091E+4
2.642754E+2	9.368451E+2	5.334071E+4
2.642423E+2	9.367109E+2	5.338604E+4
2.642050E+2	9.364712E+2	5.343312E+4
2.641334E+2	9.363592E+2	5.348152E+4
2.642787E+2	9.360838E+2	5.352001E+4
2.642606E+2	9.359894E+2	5.357598E+4
2.641676E+2	9.357628E+2	5.361741E+4
2.642177E+2	9.355971E+2	5.365899E+4
2.642547E+2	9.354669E+2	5.369815E+4
2.641603E+2	9.352618E+2	5.373687E+4
2.641387E+2	9.350731E+2	5.378622E+4
2.641743E+2	9.349394E+2	5.384755E+4
2.643065E+2	9.347707E+2	5.387195E+4
2.640820E+2	9.345259E+2	5.390654E+4
2.640303E+2	9.343888E+2	5.398004E+4
2.638509E+2	9.342165E+2	5.400453E+4
2.639164E+2	9.340076E+2	5.405065E+4
2.639990E+2	9.338553E+2	5.410110E+4
2.639050E+2	9.337001E+2	5.412538E+4
2.639732E+2	9.335209E+2	5.418575E+4
2.640200E+2	9.333646E+2	5.423550E+4
2.638675E+2	9.331862E+2	5.426311E+4
2.638194E+2	9.330187E+2	5.432469E+4
2.638430E+2	9.328103E+2	5.437315E+4
2.639117E+2	9.326078E+2	5.442181E+4
2.640444E+2	9.324639E+2	5.443606E+4
2.637368E+2	9.322607E+2	5.450375E+4
2.638753E+2	9.321143E+2	5.452435E+4
2.639290E+2	9.319320E+2	5.458191E+4
2.638045E+2	9.318001E+2	5.461853E+4
2.638359E+2	9.315966E+2	5.464901E+4
2.639154E+2	9.314439E+2	5.470668E+4
2.637495E+2	9.313080E+2	5.475011E+4
2.637261E+2	9.311322E+2	5.479744E+4
2.638934E+2	9.310125E+2	5.481874E+4
2.638512E+2	9.307970E+2	5.488327E+4
2.638911E+2	9.306242E+2	5.490412E+4
2.639355E+2	9.304911E+2	5.496833E+4
2.639250E+2	9.302791E+2	5.501507E+4
2.636288E+2	9.301373E+2	5.504810E+4
2.637487E+2	9.299626E+2	5.509181E+4
2.639567E+2	9.298260E+2	5.512472E+4
2.638375E+2	9.296794E+2	5.516751E+4
2.637237E+2	9.294320E+2	5.521669E+4
2.635723E+2	9.292911E+2	5.524663E+4
2.639514E+2	9.291081E+2	5.527577E+4
2.639893E+2	9.289344E+2	5.534568E+4
2.638117E+2	9.287843E+2	5.537931E+4
2.638055E+2	9.286515E+2	5.541112E+4
2.638424E+2	9.285193E+2	5.545177E+4
2.637500E+2	9.283459E+2	5.547225E+4
2.637382E+2	9.281431E+2	5.554686E+4
2.636310E+2	9.279864E+2	5.558390E+4
2.638429E+2	9.279077E+2	5.562266E+4
2.637922E+2	9.277052E+2	5.567331E+4
2.637039E+2	9.274784E+2	5.570678E+4
2.638606E+2	9.273201E+2	5.575060E+4
2.637919E+2	9.272374E+2	5.578238E+4
2.635903E+2	9.270112E+2	5.582371E+4
2.635852E+2	9.268993E+2	5.584924E+4
2.636021E+2	9.267170E+2	5.588835E+4
2.637530E+2	9.265924E+2	5.596877E+4
2.634860E+2	9.263921E+2	5.597825E+4
2.636075E+2	9.262270E+2	5.601683E+4
2.634445E+2	9.261022E+2	5.606811E+4
2.635915E+2	9.259723E+2	5.609688E+4
2.636207E+2	9.257864E+2	5.614017E+4
2.635754E+2	9.256221E+2	5.618299E+4
2.634244E+2	9.254892E+2	5.624004E+4
2.635980E+2	9.253094E+2	5.627204E+4
2.635322E+2	9.252066E+2	5.628203E+4
2.634720E+2	9.250003E+2	5.632832E+4
2.632072E+2	9.247775E+2	5.639463E+4
2.634423E+2	9.246861E+2	5.643039E+4
2.633254E+2	9.246238E+2	5.645340E+4
2.634472E+2	9.243578E+2	5.648797E+4
2.633521E+2	9.242700E+2	5.653640E+4
2.634009E+2	9.240675E+2	5.657170E+4
2.634105E+2	9.239134E+2	5.661660E+4
2.634925E+2	9.237702E+2	5.666497E+4
2.633705E+2	9.236435E+2	5.669143E+4
2.633684E+2	9.235265E+2	5.672906E+4
2.633389E+2	9.233525E+2	5.676101E+4
2.633213E+2	9.231383E+2	5.682390E+4
2.633629E+2	9.230619E+2	5.686831E+4
2.634223E+2	9.228806E+2	5.689565E+4
2.634357E+2	9.227579E+2	5.692819E+4
2.632703E+2	9.225908E+2	5.697014E+4
2.632962E+2	9.224259E+2	5.699385E+4
2.633031E+2	9.222987E+2	5.704008E+4
2.633754E+2	9.221564E+2	5.708272E+4
2.634270E+2	9.220156E+2	5.713301E+4
2.633142E+2	9.218414E+2	5.714204E+4
2.631708E+2	9.217411E+2	5.720850E+4
2.630909E+2	9.215809E+2	5.724855E+4
2.630310E+2	9.214030E+2	5.725938E+4
2.630870E+2	9.212750E+2	5.729728E+4
2.631459E+2	9.210794E+2	5.735675E+4
2.630921E+2	9.209045E+2	5.738460E+4
2.630869E+2	9.208573E+2	5.741014E+4
2.629733E+2	9.207482E+2	5.746641E+4
2.632829E+2	9.205041E+2	5.750309E+4
2.631593E+2	9.204155E+2	5.753897E+4
2.631585E+2	9.202052E+2	5.757944E+4
2.631198E+2	9.200891E+2	5.762171E+4
2.630400E+2	9.199325E+2	5.764350E+4
2.630992E+2	9.198693E+2	5.768266E+4
2.629259E+2	9.196716E+2	5.773266E+4
2.631232E+2	9.195663E+2	5.774888E+4
2.629824E+2	9.193668E+2	5.780564E+4
2.630046E+2	9.192510E+2	5.782482E+4
2.631287E+2	9.190673E+2	5.786244E+4
2.631532E+2	9.190180E+2	5.790468E+4
2.631679E+2	9.187581E+2	5.793727E+4
2.632438E+2	9.186407E+2	5.797694E+4
2.630768E+2	9.184590E+2	5.799174E+4
2.630487E+2	9.183381E+2	5.804568E+4
2.629028E+2	9.182530E+2	5.807446E+4
2.630903E+2	9.181137E+2	5.811343E+4
2.630084E+2	9.179594E+2	5.816156E+4
2.630193E+2	9.177797E+2	5.819767E+4
2.629438E+2	9.175805E+2	5.823839E+4
2.629965E+2	9.174869E+2	5.827995E+4
2.629113E+2	9.174144E+2	5.828863E+4
2.629537E+2	9.172353E+2	5.832811E+4
2.630169E+2	9.170410E+2	5.838690E+4
2.628698E+2	9.169718E+2	5.840238E+4
2.630455E+2	9.168296E+2	5.843748E+4
2.630394E+2	9.167117E+2	5.849047E+4
2.629931E+2	9.165624E+2	5.850946E+4
2.630103E+2	9.164295E+2	5.854707E+4
2.629500E+2	9.163291E+2	5.858134E+4
2.629396E+2	9.161104E+2	5.862975E+4
2.629084E+2	9.160518E+2	5.866825E+4
2.628965E+2	9.158920E+2	5.868050E+4
2.628042E+2	9.157454E+2	5.872595E+4
2.629000E+2	9.156153E+2	5.877942E+4
2.626529E+2	9.155012E+2	5.878521E+4
2.629449E+2	9.153599E+2	5.882161E+4
2.626954E+2	9.152565E+2	5.885795E+4
2.628672E+2	9.151102E+2	5.891251E+4
2.628424E+2	9.149521E+2	5.895394E+4
2.627673E+2	9.148301E+2	5.898417E+4
2.626491E+2	9.146930E+2	5.899215E+4
2.627521E+2	9.145654E+2	5.902067E+4
2.625988E+2	9.144671E+2	5.907689E+4
2.627427E+2	9.142626E+2	5.911198E+4
2.625463E+2	9.141663E+2	5.916121E+4
2.626745E+2	9.140502E+2	5.916810E+4
2.626864E+2	9.138929E+2	5.921238E+4
2.626454E+2	9.137485E+2	5.924935E+4
2.626630E+2	9.136536E+2	5.927478E+4
2.626223E+2	9.135052E+2	5.932718E+4
2.627335E+2	9.133286E+2	5.936493E+4
2.627427E+2	9.133091E+2	5.939098E+4
2.627186E+2	9.131550E+2	5.941758E+4
2.625943E+2	9.130003E+2	5.946812E+4
2.626035E+2	9.128746E+2	5.951705E+4
2.624647E+2	9.127691E+2	5.954350E+4
2.626016E+2	9.126771E+2	5.955371E+4
2.624461E+2	9.124740E+2	5.962479E+4
2.623690E+2	9.123849E+2	5.963540E+4
2.627076E+2	9.122448E+2	5.966844E+4
2.624286E+2	9.121033E+2	5.971535E+4
2.624843E+2	9.119806E+2	5.976478E+4
2.626447E+2	9.118512E+2	5.979615E+4
2.625538E+2	9.117489E+2	5.981736E+4
2.623317E+2	9.115996E+2	5.986430E+4
2.623233E+2	9.115433E+2	5.989311E+4
2.623047E+2	9.113751E+2	5.995767E+4
2.624362E+2	9.112249E+2	6.001185E+4
2.623778E+2	9.111116E+2	6.001432E+4
2.624837E+2	9.109507E+2	6.005494E+4
2.624816E+2	9.107987E+2	6.010379E+4
2.623487E+2	9.107022E+2	6.015274E+4
2.622962E+2	9.105818E+2	6.020466E+4
2.624734E+2	9.104412E+2	6.021168E+4
2.624321E+2	9.102744E+2	6.027607E+4
2.623229E+2	9.102244E+2	6.030832E+4
2.623278E+2	9.101064E+2	6.036935E+4
2.623195E+2	9.099112E+2	6.040673E+4
2.622697E+2	9.097735E+2	6.042908E+4
2.622991E+2	9.097072E+2	6.048062E+4
2.621952E+2	9.095945E+2	6.052002E+4
2.623084E+2	9.094524E+2	6.055327E+4
2.622585E+2	9.093122E+2	6.059857E+4
2.622929E+2	9.092317E+2	6.062995E+4
2.620464E+2	9.090916E+2	6.069133E+4
2.621210E+2	9.089995E+2	6.073224E+4
2.621318E+2	9.087726E+2	6.077901E+4
2.621725E+2	9.086822E+2	6.082947E+4
2.621209E+2	9.086228E+2	6.086422E+4
2.619811E+2	9.084253E+2	6.090252E+4
2.619966E+2	9.083605E+2	6.094123E+4
2.620101E+2	9.082141E+2	6.099623E+4
2.618219E+2	9.081226E+2	6.104650E+4
2.621211E+2	9.079748E+2	6.106822E+4
2.621202E+2	9.078637E+2	6.112332E+4
2.620085E+2	9.077280E+2	6.114037E+4
2.620080E+2	9.076489E+2	6.119705E+4
2.620809E+2	9.075042E+2	6.124001E+4
2.620341E+2	9.073511E+2	6.127376E+4
2.619425E+2	9.072555E+2	6.132733E+4
2.619086E+2	9.071161E+2	6.139043E+4
2.617977E+2	9.069661E+2	6.140635E+4
2.619073E+2	9.068660E+2	6.146658E+4
2.617638E+2	9.067649E+2	6.151829E+4
2.619004E+2	9.066372E+2	6.155357E+4
2.618214E+2	9.065031E+2	6.158026E+4
2.617244E+2	9.063612E+2	6.165334E+4
2.618099E+2	9.062862E+2	6.168816E+4
2.617552E+2	9.061330E+2	6.171566E+4
2.617060E+2	9.059872E+2	6.177675E+4
2.616975E+2	9.058891E+2	6.182104E+4
2.616656E+2	9.057405E+2	6.185437E+4
2.617178E+2	9.056410E+2	6.190800E+4
2.616227E+2	9.055044E+2	6.195505E+4
2.616784E+2	9.054509E+2	6.198264E+4
2.617006E+2	9.052880E+2	6.204086E+4
2.617552E+2	9.051890E+2	6.206986E+4
2.615267E+2	9.050461E+2	6.211498E+4
2.617439E+2	9.049156E+2	6.214689E+4
2.616920E+2	9.047831E+2	6.221101E+4
2.615406E+2	9.046458E+2	6.225621E+4
2.617374E+2	9.045473E+2	6.228954E+4
2.616263E+2	9.044540E+2	6.235595E+4
2.616838E+2	9.042910E+2	6.238606E+4
2.615898E+2	9.042088E+2	6.241293E+4
2.615792E+2	9.041118E+2	6.249211E+4
2.615807E+2	9.039409E+2	6.251749E+4
2.617060E+2	9.038637E+2	6.253964E+4
2.614763E+2	9.037380E+2	6.260548E+4
2.614555E+2	9.036471E+2	6.263026E+4
2.613870E+2	9.034579E+2	6.271132E+4
2.611153E+2	9.033608E+2	6.273846E+4
2.613247E+2	9.032166E+2	6.278180E+4
2.612414E+2	9.030679E+2	6.283082E+4
2.613168E+2	9.030625E+2	6.288491E+4
2.613867E+2	9.029007E+2	6.291676E+4
2.615665E+2	9.027996E+2	6.294595E+4
2.613444E+2	9.026428E+2	6.299537E+4
2.611414E+2	9.025055E+2	6.305438E+4
2.613729E+2	9.024138E+2	6.308370E+4
2.612811E+2	9.023346E+2	6.314446E+4
2.613393E+2	9.021924E+2	6.315516E+4
2.613296E+2	9.020874E+2	6.321000E+4
2.613209E+2	9.019704E+2	6.325190E+4
2.611271E+2	9.018299E+2	6.331753E+4
2.613334E+2	9.017155E+2	6.333054E+4
2.612682E+2	9.015673E+2	6.337587E+4
2.612172E+2	9.015016E+2	6.342027E+4
2.612134E+2	9.013182E+2	6.348644E+4
2.613206E+2	9.012741E+2	6.349384E+4
2.612650E+2	9.011494E+2	6.356447E+4
2.611586E+2	9.010633E+2	6.361102E+4
2.612075E+2	9.008525E+2	6.367106E+4
2.611186E+2	9.007997E+2	6.370929E+4
2.609738E+2	9.006505E+2	6.372051E+4
2.611233E+2	9.005698E+2	6.377898E+4
2.610316E+2	9.004260E+2	6.380713E+4
2.611365E+2	9.002712E+2	6.384377E+4
2.611439E+2	9.002241E+2	6.389993E+4
2.609724E+2	9.001409E+2	6.393267E+4
2.610701E+2	9.000159E+2	6.397558E+4
2.610653E+2	8.999097E+2	6.402308E+4
2.611265E+2	8.997437E+2	6.407216E+4
2.608623E+2	8.996655E+2	6.410836E+4
2.612447E+2	8.995204E+2	6.417856E+4
2.609163E+2	8.994459E+2	6.418697E+4
2.609993E+2	8.993201E+2	6.422506E+4
2.609582E+2	8.992123E+2	6.430170E+4
2.608823E+2	8.990708E+2	6.434564E+4
2.610008E+2	8.989905E+2	6.438993E+4
2.609593E+2	8.988554E+2	6.438218E+4
2.608345E+2	8.987430E+2	6.444392E+4
2.609920E+2	8.986243E+2	6.451711E+4
2.610281E+2	8.985513E+2	6.452948E+4
2.609445E+2	8.983879E+2	6.456771E+4
2.606098E+2	8.983060E+2	6.460975E+4
2.608277E+2	8.981798E+2	6.465147E+4
2.608663E+2	8.980879E+2	6.469288E+4
2.609339E+2	8.979725E+2	6.473874E+4
2.610040E+2	8.978841E+2	6.480444E+4
2.609633E+2	8.977788E+2	6.481293E+4
2.607867E+2	8.976839E+2	6.482937E+4
2.609539E+2	8.975214E+2	6.488392E+4
2.607440E+2	8.973900E+2	6.496120E+4
2.608119E+2	8.973264E+2	6.496648E+4
2.607054E+2	8.971969E+2	6.501700E+4
2.608772E+2	8.970833E+2	6.507136E+4
2.607808E+2	8.970141E+2	6.511142E+4
2.608607E+2	8.968907E+2	6.515231E+4
2.608864E+2	8.967701E+2	6.517372E+4
2.607309E+2	8.966933E+2	6.522346E+4
2.606153E+2	8.965648E+2	6.524273E+4
2.606202E+2	8.964473E+2	6.529814E+4
2.607226E+2	8.963403E+2	6.534930E+4
2.605782E+2	8.962425E+2	6.540628E+4
2.606726E+2	8.961105E+2	6.544274E+4
2.605975E+2	8.960255E+2	6.546217E+4
2.606058E+2	8.959539E+2	6.550929E+4
2.604066E+2	8.958563E+2	6.554317E+4
2.605285E+2	8.956936E+2	6.558950E+4
2.606384E+2	8.955744E+2	6.562949E+4
2.606316E+2	8.954663E+2	6.569799E+4
2.604571E+2	8.953457E+2	6.572627E+4
2.605574E+2	8.952258E+2	6.574478E+4
2.606160E+2	8.951038E+2	6.580451E+4
2.606105E+2	8.950306E+2	6.581874E+4
2.605447E+2	8.949434E+2	6.588936E+4
2.606387E+2	8.948895E+2	6.591548E+4
2.605117E+2	8.947419E+2	6.596053E+4
2.606227E+2	8.946006E+2	6.597707E+4
2.605364E+2	8.945200E+2	6.604069E+4
2.604043E+2	8.943955E+2	6.609122E+4
2.607357E+2	8.943377E+2	6.612283E+4
2.604703E+2	8.942256E+2	6.616553E+4
2.605195E+2	8.940728E+2	6.617124E+4
2.605813E+2	8.939330E+2	6.624993E+4
2.605503E+2	8.939029E+2	6.628569E+4
2.604715E+2	8.937653E+2	6.632519E+4
2.603935E+2	8.937203E+2	6.633843E+4
2.603803E+2	8.935932E+2	6.636760E+4
2.603281E+2	8.934800E+2	6.640300E+4
2.604251E+2	8.933340E+2	6.647673E+4
2.605015E+2	8.933005E+2	6.647785E+4
2.603939E+2	8.931855E+2	6.651591E+4
2.604271E+2	8.930759E+2	6.657190E+4
2.602732E+2	8.929111E+2	6.661330E+4
2.604719E+2	8.928830E+2	6.665932E+4
2.601704E+2	8.927641E+2	6.669503E+4
2.603184E+2	8.926517E+2	6.673621E+4
2.603462E+2	8.925752E+2	6.677378E+4
2.601487E+2	8.924396E+2	6.682271E+4
2.604686E+2	8.923977E+2	6.680835E+4
2.604202E+2	8.922314E+2	6.686562E+4
2.603076E+2	8.921845E+2	6.692970E+4
2.603839E+2	8.920473E+2	6.693301E+4
2.602092E+2	8.919415E+2	6.695161E+4
2.601759E+2	8.918997E+2	6.701013E+4
2.601346E+2	8.917349E+2	6.707027E+4
2.602777E+2	8.916428E+2	6.709596E+4
2.602084E+2	8.915757E+2	6.711641E+4
2.602719E+2	8.914395E+2	6.716033E+4
2.602192E+2	8.912953E+2	6.720246E+4
2.603337E+2	8.912135E+2	6.723703E+4
2.602198E+2	8.911861E+2	6.729983E+4
2.603157E+2	8.910400E+2	6.729951E+4
2.601146E+2	8.909606E+2	6.734076E+4
2.603470E+2	8.908108E+2	6.739294E+4
2.602147E+2	8.907639E+2	6.742996E+4
2.601700E+2	8.906248E+2	6.748932E+4
2.602605E+2	8.905513E+2	6.752500E+4
2.602678E+2	8.904528E+2	6.752972E+4
2.601656E+2	8.903326E+2	6.757754E+4
2.601660E+2	8.902813E+2	6.757700E+4
2.601637E+2	8.901516E+2	6.763289E+4
2.601398E+2	8.901038E+2	6.767661E+4
2.600962E+2	8.899649E+2	6.772666E+4
2.603320E+2	8.898501E+2	6.774435E+4
2.599973E+2	8.897329E+2	6.780225E+4
2.602099E+2	8.896889E+2	6.782283E+4
2.601046E+2	8.895657E+2	6.786210E+4
2.601153E+2	8.895238E+2	6.786548E+4
2.600684E+2	8.893944E+2	6.793468E+4
2.600006E+2	8.893316E+2	6.797353E+4
2.599420E+2	8.891909E+2	6.800846E+4
2.602369E+2	8.891125E+2	6.802326E+4
2.599372E+2	8.889911E+2	6.807862E+4
2.600992E+2	8.889348E+2	6.808431E+4
2.599566E+2	8.888259E+2	6.815376E+4
2.599083E+2	8.886695E+2	6.819585E+4
2.599740E+2	8.885986E+2	6.821699E+4
2.601104E+2	8.885009E+2	6.823156E+4
2.600280E+2	8.883962E+2	6.827370E+4
2.598575E+2	8.883052E+2	6.833870E+4
2.599128E+2	8.882408E+2	6.836155E+4
2.599396E+2	8.881338E+2	6.836408E+4
2.600324E+2	8.880790E+2	6.841608E+4
2.599520E+2	8.879528E+2	6.845270E+4
2.600004E+2	8.877968E+2	6.850336E+4
2.598779E+2	8.877473E+2	6.854152E+4
2.599237E+2	8.876181E+2	6.856968E+4
2.600625E+2	8.875799E+2	6.858510E+4
2.598984E+2	8.874374E+2	6.864264E+4
2.599108E+2	8.874036E+2	6.864987E+4
2.598779E+2	8.873120E+2	6.871415E+4
2.597883E+2	8.871702E+2	6.872431E+4
2.598587E+2	8.871036E+2	6.875843E+4
2.598474E+2	8.869968E+2	6.879087E+4
2.599051E+2	8.869517E+2	6.880479E+4
2.598717E+2	8.868449E+2	6.886463E+4
2.598787E+2	8.867811E+2	6.887840E+4
2.599137E+2	8.866997E+2	6.891499E+4
2.598187E+2	8.865816E+2	6.896569E+4
2.597882E+2	8.865370E+2	6.899805E+4
2.597860E+2	8.863722E+2	6.901037E+4
2.597219E+2	8.863225E+2	6.904153E+4
2.598170E+2	8.862354E+2	6.911606E+4
2.598565E+2	8.860984E+2	6.913088E+4
2.598648E+2	8.860496E+2	6.915784E+4
2.596512E+2	8.859720E+2	6.918524E+4
2.599706E+2	8.858838E+2	6.922124E+4
2.597460E+2	8.857567E+2	6.924368E+4
2.596816E+2	8.856695E+2	6.925567E+4
2.598700E+2	8.855937E+2	6.934333E+4
2.597208E+2	8.855044E+2	6.934518E+4
2.595110E+2	8.854067E+2	6.940937E+4
2.597138E+2	8.853282E+2	6.941336E+4
2.596127E+2	8.852643E+2	6.944350E+4
2.597602E+2	8.851419E+2	6.947148E+4
2.597497E+2	8.850180E+2	6.950892E+4
2.596970E+2	8.849509E+2	6.953122E+4
2.597323E+2	8.848110E+2	6.958772E+4
2.596325E+2	8.847847E+2	6.960775E+4
2.595512E+2	8.847091E+2	6.965221E+4
2.597373E+2	8.846466E+2	6.968263E+4
2.596367E+2	8.845425E+2	6.969871E+4
2.596456E+2	8.844012E+2	6.975583E+4
2.595014E+2	8.843848E+2	6.976497E+4
2.595655E+2	8.842538E+2	6.978813E+4
2.598215E+2	8.842234E+2	6.985206E+4
2.595309E+2	8.840777E+2	6.984742E+4
2.595735E+2	8.839995E+2	6.987515E+4
2.596097E+2	8.839122E+2	6.994454E+4
2.595460E+2	8.838055E+2	6.994769E+4
2.595668E+2	8.837206E+2	7.000705E+4
2.595838E+2	8.836559E+2	6.999606E+4
2.596282E+2	8.835451E+2	7.003963E+4
2.595122E+2	8.835119E+2	7.007637E+4
2.596147E+2	8.834154E+2	7.012973E+4
2.596303E+2	8.833483E+2	7.011311E+4
2.594651E+2	8.832290E+2	7.017909E+4
2.595167E+2	8.831376E+2	7.018966E+4
2.596004E+2	8.830478E+2	7.024786E+4
2.595196E+2	8.829531E+2	7.026200E+4
2.595356E+2	8.828474E+2	7.029506E+4
2.595115E+2	8.828180E+2	7.031730E+4
2.594715E+2	8.827814E+2	7.036982E+4
2.595131E+2	8.826690E+2	7.037250E+4
2.593835E+2	8.826071E+2	7.043312E+4
2.594577E+2	8.825572E+2	7.045406E+4
2.593655E+2	8.824437E+2	7.048133E+4
2.594433E+2	8.823238E+2	7.050332E+4
2.592942E+2	8.822138E+2	7.054368E+4
2.595240E+2	8.821496E+2	7.056722E+4
2.593851E+2	8.820970E+2	7.060063E+4
2.591999E+2	8.820059E+2	7.064116E+4
2.593158E+2	8.819527E+2	7.063620E+4
2.591266E+2	8.818278E+2	7.071355E+4
2.592067E+2	8.817701E+2	7.076649E+4
2.595030E+2	8.816390E+2	7.075422E+4
2.593299E+2	8.815889E+2	7.078680E+4
2.594965E+2	8.815544E+2	7.080629E+4
2.592976E+2	8.814278E+2	7.083702E+4
2.591864E+2	8.813498E+2	7.087308E+4
2.592348E+2	8.812662E+2	7.089415E+4
2.592664E+2	8.811850E+2	7.091242E+4
2.592167E+2	8.810584E+2	7.093667E+4
2.593070E+2	8.810161E+2	7.097719E+4
2.593899E+2	8.809408E+2	7.102816E+4
2.593844E+2	8.808748E+2	7.101547E+4
2.591712E+2	8.807629E+2	7.106216E+4
2.591453E+2	8.807179E+2	7.107742E+4
2.593850E+2	8.806120E+2	7.114424E+4
2.592787E+2	8.805498E+2	7.113818E+4
2.591760E+2	8.804712E+2	7.117105E+4
2.593685E+2	8.803877E+2	7.122270E+4
2.591526E+2	8.803716E+2	7.126151E+4
2.593970E+2	8.802177E+2	7.124997E+4
2.594012E+2	8.801496E+2	7.128962E+4
2.591987E+2	8.801094E+2	7.134397E+4
2.590884E+2	8.799804E+2	7.136630E+4
2.590860E+2	8.798874E+2	7.138462E+4
2.592149E+2	8.798271E+2	7.141250E+4
2.592849E+2	8.797337E+2	7.144510E+4
2.591797E+2	8.796637E+2	7.146614E+4
2.592304E+2	8.795926E+2	7.150984E+4
2.593428E+2	8.795747E+2	7.152993E+4
2.592759E+2	8.794219E+2	7.155359E+4
2.591942E+2	8.793808E+2	7.155044E+4
2.592904E+2	8.792953E+2	7.160667E+4
2.592240E+2	8.792654E+2	7.165039E+4
2.591992E+2	8.791622E+2	7.164286E+4
2.591636E+2	8.790474E+2	7.170813E+4
2.590880E+2	8.789868E+2	7.173336E+4
2.591314E+2	8.789687E+2	7.173766E+4
2.592857E+2	8.788266E+2	7.174958E+4
2.592055E+2	8.787702E+2	7.177585E+4
2.591634E+2	8.786457E+2	7.181597E+4
2.593233E+2	8.785689E+2	7.184561E+4
2.593157E+2	8.784885E+2	7.186612E+4
2.592084E+2	8.784559E+2	7.188163E+4
2.591008E+2	8.783670E+2	7.193405E+4
2.592484E+2	8.783191E+2	7.193299E+4
2.591979E+2	8.781872E+2	7.198278E+4
2.591355E+2	8.782105E+2	7.203232E+4
2.591898E+2	8.780864E+2	7.205504E+4
2.591250E+2	8.780296E+2	7.208565E+4
2.590619E+2	8.779297E+2	7.209020E+4
2.591097E+2	8.778173E+2	7.213540E+4
2.590607E+2	8.778120E+2	7.216087E+4
2.589230E+2	8.777195E+2	7.217448E+4
2.590253E+2	8.776728E+2	7.221566E+4
2.589254E+2	8.776002E+2	7.225387E+4
2.590281E+2	8.775075E+2	7.227929E+4
2.589154E+2	8.773951E+2	7.232569E+4
2.590110E+2	8.773498E+2	7.231462E+4
2.589311E+2	8.772756E+2	7.237992E+4
2.589780E+2	8.771523E+2	7.236262E+4
2.589824E+2	8.771337E+2	7.241225E+4
2.588080E+2	8.770797E+2	7.245331E+4
2.587995E+2	8.770108E+2	7.248297E+4
2.588871E+2	8.768930E+2	7.251875E+4
2.587523E+2	8.768443E+2	7.255823E+4
2.588379E+2	8.767363E+2	7.256932E+4
2.590924E+2	8.766647E+2	7.259329E+4
2.588472E+2	8.766263E+2	7.266701E+4
2.589785E+2	8.765140E+2	7.269426E+4
2.587939E+2	8.764834E+2	7.272783E+4
2.587531E+2	8.763985E+2	7.275792E+4
2.589276E+2	8.762998E+2	7.280042E+4
2.588379E+2	8.762104E+2	7.283352E+4
2.589806E+2	8.762170E+2	7.284585E+4
2.590142E+2	8.761338E+2	7.288059E+4
2.589613E+2	8.760254E+2	7.294547E+4
2.590299E+2	8.759585E+2	7.292443E+4
2.589160E+2	8.758517E+2	7.295975E+4
2.589273E+2	8.758252E+2	7.301587E+4
2.589681E+2	8.757391E+2	7.304854E+4
2.587851E+2	8.756644E+2	7.309738E+4
2.587487E+2	8.756155E+2	7.314448E+4
2.585962E+2	8.754871E+2	7.316522E+4
2.586853E+2	8.754725E+2	7.318598E+4
2.587762E+2	8.753436E+2	7.322919E+4
2.586700E+2	8.753142E+2	7.326080E+4
2.586192E+2	8.752324E+2	7.330576E+4
2.587931E+2	8.751546E+2	7.334238E+4
2.586708E+2	8.750411E+2	7.336471E+4
2.586361E+2	8.750290E+2	7.339373E+4
2.585103E+2	8.748703E+2	7.346430E+4
2.584563E+2	8.748689E+2	7.345667E+4
2.586268E+2	8.747737E+2	7.348378E+4
2.588432E+2	8.747025E+2	7.355668E+4
2.586942E+2	8.746655E+2	7.356154E+4
2.584510E+2	8.745398E+2	7.362754E+4
2.584696E+2	8.745181E+2	7.363909E+4
2.584965E+2	8.743792E+2	7.367943E+4
2.583881E+2	8.743105E+2	7.372997E+4
2.584977E+2	8.742566E+2	7.375567E+4
2.584977E+2	8.742578E+2	7.380819E+4
2.585122E+2	8.741394E+2	7.384988E+4
2.584239E+2	8.740372E+2	7.385490E+4
2.585388E+2	8.740091E+2	7.391479E+4
2.585247E+2	8.739042E+2	7.394258E+4
2.586647E+2	8.738206E+2	7.395861E+4
2.585250E+2	8.737608E+2	7.399500E+4
2.584489E+2	8.736737E+2	7.407827E+4
2.585424E+2	8.736226E+2	7.409107E+4
2.585739E+2	8.734897E+2	7.413518E+4
2.584243E+2	8.734337E+2	7.415975E+4
2.586562E+2	8.734129E+2	7.421165E+4
2.584093E+2	8.732999E+2	7.421966E+4
2.585573E+2	8.732504E+2	7.425391E+4
2.585738E+2	8.731636E+2	7.434167E+4
2.585194E+2	8.730882E+2	7.434858E+4
2.584483E+2	8.730834E+2	7.436449E+4
2.584702E+2	8.729476E+2	7.441305E+4
2.582505E+2	8.729296E+2	7.444377E+4
2.582427E+2	8.728487E+2	7.449511E+4
2.585137E+2	8.726948E+2	7.451532E+4
2.584834E+2	8.726886E+2	7.458413E+4
2.584712E+2	8.725870E+2	7.462112E+4
2.584474E+2	8.724964E+2	7.465962E+4
2.584092E+2	8.723955E+2	7.468514E+4
2.582741E+2	8.723628E+2	7.470384E+4
2.583463E+2	8.723343E+2	7.476501E+4
2.582434E+2	8.722560E+2	7.476347E+4
2.582829E+2	8.721745E+2	7.480840E+4
2.582547E+2	8.720616E+2	7.484747E+4
2.581592E+2	8.720730E+2	7.488726E+4
2.582727E+2	8.720070E+2	7.492788E+4
2.584381E+2	8.718488E+2	7.495052E+4
2.582239E+2	8.718149E+2	7.499456E+4
2.583546E+2	8.717826E+2	7.500582E+4
2.582126E+2	8.716754E+2	7.508343E+4
2.583736E+2	8.716340E+2	7.510018E+4
2.583167E+2	8.715171E+2	7.513590E+4
2.582199E+2	8.714935E+2	7.513577E+4
2.582752E+2	8.714075E+2	7.517889E+4
2.582674E+2	8.712958E+2	7.523690E+4
2.582291E+2	8.712244E+2	7.530426E+4
2.582691E+2	8.711792E+2	7.533545E+4
2.580515E+2	8.711562E+2	7.536468E+4
2.581611E+2	8.710136E+2	7.536856E+4
2.580743E+2	8.709909E+2	7.543199E+4
2.583223E+2	8.709257E+2	7.545886E+4
2.582629E+2	8.708059E+2	7.551798E+4
2.581198E+2	8.707827E+2	7.552056E+4
2.579908E+2	8.706754E+2	7.556646E+4
2.580732E+2	8.706686E+2	7.558352E+4
2.581921E+2	8.705493E+2	7.563748E+4
2.579409E+2	8.704632E+2	7.570008E+4
2.580421E+2	8.704332E+2	7.568055E+4
2.580859E+2	8.703453E+2	7.574024E+4
2.579796E+2	8.702623E+2	7.578081E+4
2.580769E+2	8.702435E+2	7.580729E+4
2.579796E+2	8.701206E+2	7.583556E+4
2.581499E+2	8.700845E+2	7.587410E+4
2.582301E+2	8.700154E+2	7.592150E+4
2.581213E+2	8.699385E+2	7.593800E+4
2.581527E+2	8.698669E+2	7.595688E+4
2.581042E+2	8.698276E+2	7.602096E+4
2.580748E+2	8.696996E+2	7.603862E+4
2.579941E+2	8.696510E+2	7.609490E+4
2.581452E+2	8.695965E+2	7.611838E+4
2.580746E+2	8.695477E+2	7.614499E+4
2.580479E+2	8.693988E+2	7.618478E+4
2.579827E+2	8.694102E+2	7.621341E+4
2.579283E+2	8.693403E+2	7.626416E+4
2.580296E+2	8.692690E+2	7.627845E+4
2.580102E+2	8.691787E+2	7.630764E+4
2.580866E+2	8.691365E+2	7.638620E+4
2.580386E+2	8.690975E+2	7.638020E+4
2.581744E+2	8.689793E+2	7.641529E+4
2.581105E+2	8.689140E+2	7.644984E+4
2.580449E+2	8.688003E+2	7.648575E+4
2.580854E+2	8.687291E+2	7.653603E+4
2.579011E+2	8.686946E+2	7.656027E+4
2.580358E+2	8.686940E+2	7.658348E+4
2.579146E+2	8.686091E+2	7.664555E+4
2.580113E+2	8.684937E+2	7.666663E+4
2.578920E+2	8.684402E+2	7.670690E+4
2.579094E+2	8.684019E+2	7.672508E+4
2.579831E+2	8.683223E+2	7.678351E+4
2.578572E+2	8.682221E+2	7.679977E+4
2.579193E+2	8.681655E+2	7.681937E+4
2.577764E+2	8.680920E+2	7.687078E+4
2.577501E+2	8.680386E+2	7.686233E+4
2.577464E+2	8.679946E+2	7.690382E+4
2.577502E+2	8.679391E+2	7.697100E+4
2.579572E+2	8.678507E+2	7.697232E+4
2.578867E+2	8.677993E+2	7.704588E+4
2.580518E+2	8.677512E+2	7.705474E+4
2.577532E+2	8.676636E+2	7.709406E+4
2.576530E+2	8.675707E+2	7.711662E+4
2.578692E+2	8.675012E+2	7.715596E+4
2.579184E+2	8.674210E+2	7.715694E+4
2.578070E+2	8.673988E+2	7.722055E+4
2.578960E+2	8.672944E+2	7.726300E+4
2.578605E+2	8.672287E+2	7.728201E+4
2.576604E+2	8.671991E+2	7.732733E+4
2.576502E+2	8.671409E+2	7.734362E+4
2.575921E+2	8.670610E+2	7.737256E+4
2.575912E+2	8.670012E+2	7.740496E+4
2.574674E+2	8.669197E+2	7.742298E+4
2.575841E+2	8.668276E+2	7.748033E+4
2.576435E+2	8.667921E+2	7.750107E+4
2.577520E+2	8.667267E+2	7.754350E+4
2.577741E+2	8.666456E+2	7.754900E+4
2.576333E+2	8.666273E+2	7.761458E+4
2.575536E+2	8.665354E+2	7.763770E+4
2.575012E+2	8.665081E+2	7.767220E+4
2.574634E+2	8.664773E+2	7.770474E+4
2.576434E+2	8.663667E+2	7.770186E+4
2.574823E+2	8.663049E+2	7.773936E+4
2.574842E+2	8.662167E+2	7.779813E+4
2.576166E+2	8.661543E+2	7.782234E+4
2.575822E+2	8.661025E+2	7.782217E+4
2.576696E+2	8.660294E+2	7.786234E+4
2.576836E+2	8.659342E+2	7.790361E+4
2.574476E+2	8.659112E+2	7.794120E+4
2.574395E+2	8.658357E+2	7.799239E+4
2.574758E+2	8.657909E+2	7.798933E+4
2.575776E+2	8.657093E+2	7.804327E+4
2.575243E+2	8.656510E+2	7.806625E+4
2.574737E+2	8.656019E+2	7.808245E+4
2.573504E+2	8.655165E+2	7.810629E+4
2.574753E+2	8.655185E+2	7.815752E+4
2.574094E+2	8.653902E+2	7.818022E+4
2.573702E+2	8.653721E+2	7.818604E+4
2.575078E+2	8.652916E+2	7.824016E+4
2.574889E+2	8.652534E+2	7.826595E+4
2.575281E+2	8.650933E+2	7.829071E+4
2.575632E+2	8.650707E+2	7.832909E+4
2.573592E+2	8.650203E+2	7.836296E+4
2.574223E+2	8.649351E+2	7.838975E+4
2.574370E+2	8.649135E+2	7.842877E+4
2.575398E+2	8.648270E+2	7.843548E+4
2.574299E+2	8.647477E+2	7.849056E+4
2.574975E+2	8.647350E+2	7.849435E+4
2.573032E+2	8.647097E+2	7.853645E+4
2.575217E+2	8.646190E+2	7.858383E+4
2.573232E+2	8.645438E+2	7.858753E+4
2.574727E+2	8.644776E+2	7.864002E+4
2.573749E+2	8.644435E+2	7.866337E+4
2.573826E+2	8.643226E+2	7.871503E+4
2.573970E+2	8.642524E+2	7.875999E+4
2.572892E+2	8.642357E+2	7.877369E+4
2.573003E+2	8.641808E+2	7.880177E+4
2.573755E+2	8.641219E+2	7.883582E+4
2.572758E+2	8.640321E+2	7.889189E+4
2.572530E+2	8.639552E+2	7.893297E+4
2.573530E+2	8.639249E+2	7.895224E+4
2.573225E+2	8.638509E+2	7.900210E+4
2.573155E+2	8.637877E+2	7.902126E+4
2.572529E+2	8.637381E+2	7.904085E+4
2.572030E+2	8.636966E+2	7.909881E+4
2.571431E+2	8.636413E+2	7.914046E+4
2.572851E+2	8.636244E+2	7.917416E+4
2.571437E+2	8.634767E+2	7.922178E+4
2.572828E+2	8.634722E+2	7.924923E+4
2.571115E+2	8.634140E+2	7.931028E+4
2.571843E+2	8.633301E+2	7.930284E+4
2.570816E+2	8.632305E+2	7.934988E+4
2.571480E+2	8.631592E+2	7.940027E+4
2.572086E+2	8.630783E+2	7.943212E+4
2.570271E+2	8.630168E+2	7.950731E+4
2.571047E+2	8.629879E+2	7.953258E+4
2.571026E+2	8.628878E+2	7.954497E+4
2.568307E+2	8.628173E+2	7.959905E+4
2.571384E+2	8.628049E+2	7.964931E+4
2.570115E+2	8.627040E+2	7.968761E+4
2.569095E+2	8.627251E+2	7.970411E+4
2.569120E+2	8.625748E+2	7.979784E+4
2.571173E+2	8.625275E+2	7.976285E+4
2.569693E+2	8.624992E+2	7.982272E+4
2.568938E+2	8.624219E+2	7.987723E+4
2.571147E+2	8.623505E+2	7.991173E+4
2.570099E+2	8.622876E+2	7.993642E+4
2.571037E+2	8.621687E+2	7.998268E+4
2.569523E+2	8.621696E+2	8.007230E+4
2.569026E+2	8.620813E+2	8.007695E+4
2.568745E+2	8.619904E+2	8.013775E+4
2.571224E+2	8.619177E+2	8.018316E+4
2.567079E+2	8.619069E+2	8.023131E+4
2.569752E+2	8.618382E+2	8.025960E+4
2.569846E+2	8.618240E+2	8.029644E+4
2.569548E+2	8.617207E+2	8.033258E+4
2.567758E+2	8.616093E+2	8.037161E+4
2.570930E+2	8.615773E+2	8.041281E+4
2.568367E+2	8.615046E+2	8.047353E+4
2.567626E+2	8.614225E+2	8.049103E+4
2.567656E+2	8.614576E+2	8.050875E+4
2.566483E+2	8.613577E+2	8.054879E+4
2.566875E+2	8.612643E+2	8.064966E+4
2.568526E+2	8.612256E+2	8.065258E+4
2.567181E+2	8.611682E+2	8.072166E+4
2.569198E+2	8.610823E+2	8.074198E+4
2.566251E+2	8.610097E+2	8.077765E+4
2.568283E+2	8.609447E+2	8.084658E+4
2.566418E+2	8.609087E+2	8.086747E+4
2.565931E+2	8.608387E+2	8.091305E+4
2.567296E+2	8.607735E+2	8.095610E+4
2.566944E+2	8.607263E+2	8.096417E+4
2.567333E+2	8.606777E+2	8.102392E+4
2.568184E+2	8.606044E+2	8.104974E+4
2.568410E+2	8.605192E+2	8.109519E+4
2.566929E+2	8.604729E+2	8.113888E+4
2.568824E+2	8.603673E+2	8.121385E+4
2.567206E+2	8.603864E+2	8.123180E+4
2.567891E+2	8.602572E+2	8.126849E+4
2.567859E+2	8.602284E+2	8.133039E+4
2.566961E+2	8.601381E+2	8.134173E+4
2.568148E+2	8.600877E+2	8.139984E+4
2.567061E+2	8.600124E+2	8.144292E+4
2.564283E+2	8.599354E+2	8.149548E+4
2.567162E+2	8.598846E+2	8.152573E+4
2.566087E+2	8.598186E+2	8.158261E+4
2.566808E+2	8.597350E+2	8.159550E+4
2.568172E+2	8.596762E+2	8.163793E+4
2.565192E+2	8.595978E+2	8.170785E+4
2.566266E+2	8.595477E+2	8.173395E+4
2.564967E+2	8.595003E+2	8.177337E+4
2.565473E+2	8.594121E+2	8.179573E+4
2.565833E+2	8.593559E+2	8.180819E+4
2.564544E+2	8.592996E+2	8.190290E+4
2.562784E+2	8.592300E+2	8.196744E+4
2.564782E+2	8.591880E+2	8.198402E+4
2.565997E+2	8.590937E+2	8.202671E+4
2.564451E+2	8.590509E+2	8.208458E+4
2.564227E+2	8.589903E+2	8.208867E+4
2.563576E+2	8.589025E+2	8.214899E+4
2.565234E+2	8.588112E+2	8.219110E+4
2.563562E+2	8.587701E+2	8.221952E+4
2.564715E+2	8.587174E+2	8.226276E+4
2.562884E+2	8.586943E+2	8.230768E+4
2.563869E+2	8.586400E+2	8.233444E+4
2.563922E+2	8.585503E+2	8.239675E+4
2.562669E+2	8.584657E+2	8.241381E+4
2.562430E+2	8.583937E+2	8.251854E+4
2.563430E+2	8.583473E+2	8.249308E+4
2.563645E+2	8.583103E+2	8.254545E+4
2.561748E+2	8.582354E+2	8.262330E+4
2.562414E+2	8.581194E+2	8.265364E+4
2.562639E+2	8.581266E+2	8.267523E+4
2.562719E+2	8.580318E+2	8.268898E+4
2.562185E+2	8.579495E+2	8.275409E+4
2.561398E+2	8.579031E+2	8.276713E+4
2.562127E+2	8.578269E+2	8.282226E+4
2.562925E+2	8.578446E+2	8.287764E+4
2.563838E+2	8.577668E+2	8.288156E+4
2.562465E+2	8.576686E+2	8.296571E+4
2.561716E+2	8.576178E+2	8.298724E+4
2.561361E+2	8.575577E+2	8.307952E+4
2.563761E+2	8.574846E+2	8.310069E+4
2.561530E+2	8.573825E+2	8.311282E+4
2.561304E+2	8.573820E+2	8.314775E+4
2.563066E+2	8.573630E+2	8.315676E+4
2.561476E+2	8.572586E+2	8.320441E+4
2.562108E+2	8.571894E+2	8.325550E+4
2.562893E+2	8.570615E+2	8.332600E+4
2.561909E+2	8.570725E+2	8.334485E+4
2.560139E+2	8.569690E+2	8.339781E+4
2.560069E+2	8.569464E+2	8.343679E+4
2.561765E+2	8.568955E+2	8.344723E+4
2.561179E+2	8.568534E+2	8.349142E+4
2.560845E+2	8.567650E+2	8.351523E+4
2.562474E+2	8.567108E+2	8.356014E+4
2.560210E+2	8.566475E+2	8.359480E+4
2.560117E+2	8.565922E+2	8.364965E+4
2.560645E+2	8.565333E+2	8.369092E+4
2.562919E+2	8.564758E+2	8.368825E+4
2.560496E+2	8.564015E+2	8.373072E+4
2.560625E+2	8.563650E+2	8.378136E+4
2.558640E+2	8.562927E+2	8.385537E+4
2.561299E+2	8.561969E+2	8.389992E+4
2.559666E+2	8.561443E+2	8.391385E+4
2.560310E+2	8.560819E+2	8.396429E+4
2.559702E+2	8.560396E+2	8.398295E+4
2.560343E+2	8.559754E+2	8.401370E+4
2.560147E+2	8.559320E+2	8.403541E+4
2.561572E+2	8.558551E+2	8.410773E+4
2.561085E+2	8.558519E+2	8.411269E+4
2.561148E+2	8.557298E+2	8.418671E+4
2.560332E+2	8.556728E+2	8.421465E+4
2.558774E+2	8.556513E+2	8.423575E+4
2.558538E+2	8.555310E+2	8.430768E+4
2.558758E+2	8.554903E+2	8.433180E+4
2.558907E+2	8.554751E+2	8.435248E+4
2.561254E+2	8.553334E+2	8.437752E+4
2.559189E+2	8.553651E+2	8.441750E+4
2.561273E+2	8.552406E+2	8.444289E+4
2.559957E+2	8.551874E+2	8.448710E+4
2.558818E+2	8.551543E+2	8.452441E+4
2.558535E+2	8.551177E+2	8.460263E+4
2.558761E+2	8.550357E+2	8.461222E+4
2.558389E+2	8.549394E+2	8.465554E+4
2.558711E+2	8.549259E+2	8.468745E+4
2.558465E+2	8.548855E+2	8.471140E+4
2.560047E+2	8.547812E+2	8.476612E+4
2.558619E+2	8.547816E+2	8.479937E+4
2.560027E+2	8.546552E+2	8.483449E+4
2.559970E+2	8.546172E+2	8.486651E+4
2.557024E+2	8.545419E+2	8.491506E+4
2.558824E+2	8.544718E+2	8.495896E+4
2.556694E+2	8.544760E+2	8.495428E+4
2.558790E+2	8.544057E+2	8.500791E+4
2.556709E+2	8.543208E+2	8.506272E+4
2.559272E+2	8.542310E+2	8.507370E+4
2.558191E+2	8.542422E+2	8.511659E+4
2.559091E+2	8.541824E+2	8.515764E+4
2.557956E+2	8.540779E+2	8.515823E+4
2.557375E+2	8.540183E+2	8.520598E+4
2.557700E+2	8.540125E+2	8.523616E+4
2.559437E+2	8.539281E+2	8.526935E+4
2.558879E+2	8.538893E+2	8.531452E+4
2.557897E+2	8.538687E+2	8.535432E+4
2.556454E+2	8.537614E+2	8.534556E+4
2.556501E+2	8.536712E+2	8.544040E+4
2.557051E+2	8.536172E+2	8.544469E+4
2.556125E+2	8.535967E+2	8.549833E+4
2.558894E+2	8.535233E+2	8.553410E+4
2.555751E+2	8.534439E+2	8.553639E+4
2.558318E+2	8.534189E+2	8.557604E+4
2.555881E+2	8.533986E+2	8.562120E+4
2.555979E+2	8.532995E+2	8.564181E+4
2.558134E+2	8.533042E+2	8.566918E+4
2.555076E+2	8.532232E+2	8.573272E+4
2.555726E+2	8.531282E+2	8.577245E+4
2.556763E+2	8.530743E+2	8.581221E+4
2.556997E+2	8.530486E+2	8.583923E+4
2.556285E+2	8.529962E+2	8.584994E+4
2.556840E+2	8.528876E+2	8.589765E+4
2.556640E+2	8.528742E+2	8.591577E+4
2.557282E+2	8.528236E+2	8.596812E+4
2.557208E+2	8.527124E+2	8.600864E+4
2.555561E+2	8.527079E+2	8.603998E+4
2.555173E+2	8.526950E+2	8.606740E+4
2.556499E+2	8.526295E+2	8.613026E+4
2.553992E+2	8.525359E+2	8.612084E+4
2.554495E+2	8.525258E+2	8.614318E+4
2.555559E+2	8.524400E+2	8.618921E+4
2.555430E+2	8.523462E+2	8.619181E+4
2.554438E+2	8.523212E+2	8.626696E+4
2.554029E+2	8.522493E+2	8.627902E+4
2.555064E+2	8.521951E+2	8.633622E+4
2.555604E+2	8.521183E+2	8.634646E+4
2.554895E+2	8.520664E+2	8.637646E+4
2.555176E+2	8.520385E+2	8.643361E+4
2.554048E+2	8.519726E+2	8.643753E+4
2.556016E+2	8.519254E+2	8.649515E+4
2.554721E+2	8.518296E+2	8.651193E+4
2.554013E+2	8.518461E+2	8.654969E+4
2.554830E+2	8.517739E+2	8.654059E+4
2.552887E+2	8.517049E+2	8.663418E+4
2.553915E+2	8.516550E+2	8.662733E+4
2.553698E+2	8.516145E+2	8.666217E+4
2.553322E+2	8.515054E+2	8.668438E+4
2.554521E+2	8.514704E+2	8.671277E+4
2.554139E+2	8.514255E+2	8.677029E+4
2.553997E+2	8.513741E+2	8.677489E+4
2.555902E+2	8.513271E+2	8.678428E+4
2.554999E+2	8.512810E+2	8.685172E+4
2.552802E+2	8.512289E+2	8.691607E+4
2.555104E+2	8.511642E+2	8.688770E+4
2.553657E+2	8.511455E+2	8.692565E+4
2.554852E+2	8.510821E+2	8.697076E+4
2.554338E+2	8.509855E+2	8.699960E+4
2.554515E+2	8.509294E+2	8.703192E+4
2.555682E+2	8.509109E+2	8.706790E+4
2.555776E+2	8.508131E+2	8.709501E+4
2.552602E+2	8.507737E+2	8.713923E+4
2.555477E+2	8.507928E+2	8.712424E+4
2.554553E+2	8.507007E+2	8.718275E+4
2.553187E+2	8.506645E+2	8.722150E+4
2.554644E+2	8.505582E+2	8.726114E+4
2.555479E+2	8.505039E+2	8.726056E+4
2.553784E+2	8.504881E+2	8.732064E+4
2.552098E+2	8.504654E+2	8.734892E+4
2.552774E+2	8.504058E+2	8.735179E+4
2.554106E+2	8.503380E+2	8.740948E+4
2.553146E+2	8.502722E+2	8.744834E+4
2.554810E+2	8.501964E+2	8.745560E+4
2.552986E+2	8.501741E+2	8.750977E+4
2.553602E+2	8.501424E+2	8.750435E+4
2.553358E+2	8.501419E+2	8.751286E+4
2.553142E+2	8.500237E+2	8.754099E+4
2.551755E+2	8.499719E+2	8.758706E+4
2.553875E+2	8.499205E+2	8.759868E+4
2.555128E+2	8.498481E+2	8.763643E+4
2.552930E+2	8.498596E+2	8.772765E+4
2.552874E+2	8.497901E+2	8.770947E+4
2.553410E+2	8.497150E+2	8.771802E+4
2.553730E+2	8.496210E+2	8.777636E+4
2.553161E+2	8.495652E+2	8.780443E+4
2.553174E+2	8.495841E+2	8.780120E+4
2.552676E+2	8.495612E+2	8.781320E+4
2.551371E+2	8.494564E+2	8.787699E+4
2.553025E+2	8.494837E+2	8.788905E+4
2.550047E+2	8.493164E+2	8.795124E+4
2.549757E+2	8.493311E+2	8.799300E+4
2.551844E+2	8.492409E+2	8.798205E+4
2.551683E+2	8.492478E+2	8.805806E+4
2.551550E+2	8.492178E+2	8.805035E+4
2.552333E+2	8.491796E+2	8.807455E+4
2.552104E+2	8.490726E+2	8.809885E+4
2.552456E+2	8.490271E+2	8.811113E+4
2.551951E+2	8.489465E+2	8.816911E+4
2.552767E+2	8.489130E+2	8.819113E+4
2.552299E+2	8.489187E+2	8.824205E+4
2.550618E+2	8.488324E+2	8.824116E+4
2.550726E+2	8.487298E+2	8.828705E+4
2.551469E+2	8.487165E+2	8.832162E+4
2.553547E+2	8.486983E+2	8.830276E+4
2.552382E+2	8.486319E+2	8.835527E+4
2.550832E+2	8.485638E+2	8.836350E+4
2.550751E+2	8.485634E+2	8.842673E+4
2.552269E+2	8.485130E+2	8.842626E+4
2.551993E+2	8.484378E+2	8.847966E+4
2.550839E+2	8.483430E+2	8.848281E+4
2.551171E+2	8.483366E+2	8.852584E+4
2.550533E+2	8.482847E+2	8.856495E+4
2.550796E+2	8.482172E+2	8.858334E+4
2.550294E+2	8.482192E+2	8.858573E+4
2.550003E+2	8.481547E+2	8.865076E+4
2.550796E+2	8.480810E+2	8.861730E+4
2.550993E+2	8.479967E+2	8.866876E+4
2.549138E+2	8.479712E+2	8.872731E+4
2.551655E+2	8.479253E+2	8.873359E+4
2.550225E+2	8.478668E+2	8.874918E+4
2.550311E+2	8.478624E+2	8.875798E+4
2.551845E+2	8.478105E+2	8.880428E+4
2.550687E+2	8.477295E+2	8.884436E+4
2.549473E+2	8.476830E+2	8.887531E+4
2.550998E+2	8.476737E+2	8.890526E+4
2.548854E+2	8.476198E+2	8.891670E+4
2.549733E+2	8.475285E+2	8.894971E+4
2.550071E+2	8.474890E+2	8.896746E+4
2.549802E+2	8.474850E+2	8.900089E+4
2.548226E+2	8.474424E+2	8.903288E+4
2.550073E+2	8.473416E+2	8.904972E+4
2.550000E+2	8.473587E+2	8.906441E+4
2.550689E+2	8.472820E+2	8.907340E+4
2.550371E+2	8.472405E+2	8.914075E+4
2.549138E+2	8.471882E+2	8.916908E+4
2.548564E+2	8.471464E+2	8.915229E+4
2.549097E+2	8.471295E+2	8.918953E+4
2.550090E+2	8.470336E+2	8.923418E+4
2.547663E+2	8.470194E+2	8.928051E+4
2.548443E+2	8.469713E+2	8.924789E+4
2.549525E+2	8.469281E+2	8.928197E+4
2.549517E+2	8.468429E+2	8.933404E+4
2.549261E+2	8.468054E+2	8.933270E+4
2.550001E+2	8.467485E+2	8.939014E+4
2.551544E+2	8.467155E+2	8.935910E+4
2.550513E+2	8.466931E+2	8.941111E+4
2.550391E+2	8.466380E+2	8.943261E+4
2.549321E+2	8.465777E+2	8.946473E+4
2.551010E+2	8.465868E+2	8.951568E+4
2.547438E+2	8.465277E+2	8.951962E+4
2.547813E+2	8.464686E+2	8.952162E+4
2.548233E+2	8.464633E+2	8.959275E+4
2.549771E+2	8.463552E+2	8.958125E+4
2.549051E+2	8.462899E+2	8.962454E+4
2.549628E+2	8.462835E+2	8.963778E+4
2.549833E+2	8.462629E+2	8.965768E+4
2.548379E+2	8.461901E+2	8.975068E+4
2.547599E+2	8.461184E+2	8.970703E+4
2.547122E+2	8.460686E+2	8.981362E+4
2.546927E+2	8.460610E+2	8.981676E+4
2.545526E+2	8.459745E+2	8.984410E+4
2.548924E+2	8.459298E+2	8.989475E+4
2.546503E+2	8.458975E+2	8.988305E+4
2.548568E+2	8.458240E+2	8.994615E+4
2.546567E+2	8.457754E+2	9.001353E+4
2.548728E+2	8.457557E+2	9.002635E+4
2.548335E+2	8.456851E+2	9.008090E+4
2.545904E+2	8.456942E+2	9.010631E+4
2.547960E+2	8.456178E+2	9.010267E+4
2.547303E+2	8.455650E+2	9.018394E+4
2.545977E+2	8.455477E+2	9.021383E+4
2.546437E+2	8.454528E+2	9.028150E+4
2.547210E+2	8.454185E+2	9.026879E+4
2.545900E+2	8.454066E+2	9.034806E+4
2.547201E+2	8.453024E+2	9.034648E+4
2.547103E+2	8.452949E+2	9.041908E+4
2.545842E+2	8.451954E+2	9.045942E+4
2.546466E+2	8.452339E+2	9.050435E+4
2.544613E+2	8.451090E+2	9.052798E+4
2.545172E+2	8.450676E+2	9.054591E+4
2.546370E+2	8.450298E+2	9.061050E+4
2.544880E+2	8.450154E+2	9.068917E+4
2.544635E+2	8.448912E+2	9.072755E+4
2.543353E+2	8.448850E+2	9.076099E+4
2.544207E+2	8.448028E+2	9.077049E+4
2.544585E+2	8.447694E+2	9.082025E+4
2.545498E+2	8.446991E+2	9.090976E+4
2.543460E+2	8.446903E+2	9.094977E+4
2.544614E+2	8.446326E+2	9.101110E+4
2.543955E+2	8.445752E+2	9.101587E+4
2.543268E+2	8.445285E+2	9.106916E+4
2.544586E+2	8.444662E+2	9.114707E+4
2.544886E+2	8.444090E+2	9.117492E+4
2.544458E+2	8.443997E+2	9.123056E+4
2.543403E+2	8.443142E+2	9.125128E+4
2.545157E+2	8.442449E+2	9.128056E+4
2.543326E+2	8.442237E+2	9.134470E+4
2.544628E+2	8.441828E+2	9.136232E+4
2.543391E+2	8.440901E+2	9.146128E+4
2.542628E+2	8.440790E+2	9.149990E+4
2.544016E+2	8.439913E+2	9.153985E+4
2.542574E+2	8.439763E+2	9.157600E+4
2.543408E+2	8.439277E+2	9.164098E+4
2.542068E+2	8.438463E+2	9.169344E+4
2.541789E+2	8.438562E+2	9.173119E+4
2.542406E+2	8.437714E+2	9.179717E+4
2.542194E+2	8.437101E+2	9.187260E+4
2.541871E+2	8.436831E+2	9.188075E+4
2.542276E+2	8.436180E+2	9.189103E+4
2.542803E+2	8.435524E+2	9.199422E+4
2.542521E+2	8.435412E+2	9.203672E+4
2.542897E+2	8.434606E+2	9.202591E+4
2.541154E+2	8.433717E+2	9.210366E+4
2.542927E+2	8.433518E+2	9.221304E+4
2.542645E+2	8.433081E+2	9.221227E+4
2.542206E+2	8.432486E+2	9.228239E+4
2.542171E+2	8.432175E+2	9.232041E+4
2.541866E+2	8.431391E+2	9.236618E+4
2.542135E+2	8.430926E+2	9.243929E+4
2.540666E+2	8.430416E+2	9.252446E+4
2.539398E+2	8.430096E+2	9.257425E+4
2.540907E+2	8.429439E+2	9.258370E+4
2.541957E+2	8.428652E+2	9.264571E+4
2.541926E+2	8.428268E+2	9.266606E+4
2.539980E+2	8.428014E+2	9.273051E+4
2.540720E+2	8.427560E+2	9.274233E+4
2.539291E+2	8.426863E+2	9.284655E+4
2.539614E+2	8.426404E+2	9.285355E+4
2.539204E+2	8.425456E+2	9.290217E+4
2.538494E+2	8.425251E+2	9.299328E+4
2.539636E+2	8.424504E+2	9.301612E+4
2.539474E+2	8.423928E+2	9.310325E+4
2.538685E+2	8.423662E+2	9.312479E+4
2.539229E+2	8.423219E+2	9.318811E+4
2.540036E+2	8.422588E+2	9.319702E+4
2.539974E+2	8.422280E+2	9.328792E+4
2.540001E+2	8.421627E+2	9.331260E+4
2.538433E+2	8.421433E+2	9.340053E+4
2.539686E+2	8.419968E+2	9.342470E+4
2.538755E+2	8.419457E+2	9.350479E+4
2.537536E+2	8.418712E+2	9.356860E+4
2.539449E+2	8.418620E+2	9.350698E+4
2.538604E+2	8.418351E+2	9.363388E+4
2.537783E+2	8.417419E+2	9.367364E+4
2.537761E+2	8.417674E+2	9.366625E+4
2.538065E+2	8.416751E+2	9.378770E+4
2.538985E+2	8.416073E+2	9.382212E+4
2.538900E+2	8.415573E+2	9.384826E+4
2.537715E+2	8.415223E+2	9.393080E+4
2.539063E+2	8.414430E+2	9.394974E+4
2.538107E+2	8.413739E+2	9.402330E+4
2.536895E+2	8.413805E+2	9.402866E+4
2.538146E+2	8.413036E+2	9.409237E+4
2.537569E+2	8.412023E+2	9.412760E+4
2.537443E+2	8.411669E+2	9.417711E+4
2.538290E+2	8.411418E+2	9.426945E+4
2.537065E+2	8.410799E+2	9.432283E+4
2.537066E+2	8.410128E+2	9.433533E+4
2.537383E+2	8.409725E+2	9.438531E+4
2.535968E+2	8.409036E+2	9.444720E+4
2.537131E+2	8.408730E+2	9.445749E+4
2.537016E+2	8.408594E+2	9.451224E+4
2.536259E+2	8.407586E+2	9.457469E+4
2.536022E+2	8.407203E+2	9.465517E+4
2.535596E+2	8.406622E+2	9.471688E+4
2.534960E+2	8.406107E+2	9.474411E+4
2.536703E+2	8.405560E+2	9.475074E+4
2.537121E+2	8.405113E+2	9.479498E+4
2.535942E+2	8.404908E+2	9.486956E+4
2.536540E+2	8.403534E+2	9.494716E+4
2.536561E+2	8.403888E+2	9.493314E+4
2.536678E+2	8.402733E+2	9.502597E+4
2.535340E+2	8.402364E+2	9.507346E+4
2.534377E+2	8.401895E+2	9.510480E+4
2.536244E+2	8.401616E+2	9.511791E+4
2.535448E+2	8.400756E+2	9.520518E+4
2.536350E+2	8.400672E+2	9.523212E+4
2.536989E+2	8.399485E+2	9.527911E+4
2.535821E+2	8.399364E+2	9.533847E+4
2.534906E+2	8.398217E+2	9.535178E+4
2.532925E+2	8.398272E+2	9.544376E+4
2.533724E+2	8.397588E+2	9.549001E+4
2.534921E+2	8.396942E+2	9.551099E+4
2.535544E+2	8.396449E+2	9.554795E+4
2.536081E+2	8.395999E+2	9.560266E+4
2.533101E+2	8.395790E+2	9.569729E+4
2.535792E+2	8.394834E+2	9.571810E+4
2.534462E+2	8.394751E+2	9.578945E+4
2.535561E+2	8.393729E+2	9.577886E+4
2.535145E+2	8.393663E+2	9.586580E+4
2.535665E+2	8.392400E+2	9.590041E+4
2.534463E+2	8.391927E+2	9.589316E+4
2.533768E+2	8.392182E+2	9.597677E+4
2.535027E+2	8.390943E+2	9.607286E+4
2.534769E+2	8.390506E+2	9.602301E+4
2.533621E+2	8.389843E+2	9.609645E+4
2.533894E+2	8.389581E+2	9.615805E+4
2.533531E+2	8.389057E+2	9.618942E+4
2.533573E+2	8.388826E+2	9.623187E+4
2.532937E+2	8.388024E+2	9.624118E+4
2.532882E+2	8.387671E+2	9.634223E+4
2.533806E+2	8.387210E+2	9.639791E+4
2.533068E+2	8.386698E+2	9.648719E+4
2.534438E+2	8.385798E+2	9.650259E+4
2.534906E+2	8.385616E+2	9.654405E+4
2.534038E+2	8.385429E+2	9.659391E+4
2.532154E+2	8.384211E+2	9.660263E+4
2.532144E+2	8.383992E+2	9.664357E+4
2.531680E+2	8.383684E+2	9.671807E+4
2.533518E+2	8.382868E+2	9.672355E+4
2.533181E+2	8.382280E+2	9.677080E+4
2.533176E+2	8.381659E+2	9.685919E+4
2.532396E+2	8.381281E+2	9.688970E+4
2.533013E+2	8.380946E+2	9.688673E+4
2.534355E+2	8.380254E+2	9.692792E+4
2.532587E+2	8.379921E+2	9.700642E+4
2.534129E+2	8.379208E+2	9.705529E+4
2.532566E+2	8.378980E+2	9.708124E+4
2.531687E+2	8.377975E+2	9.714432E+4
2.531192E+2	8.378039E+2	9.716911E+4
2.533671E+2	8.377265E+2	9.719606E+4
2.531355E+2	8.376414E+2	9.728136E+4
2.531232E+2	8.376278E+2	9.728455E+4
2.531211E+2	8.375536E+2	9.732308E+4
2.531957E+2	8.374920E+2	9.740268E+4
2.532769E+2	8.374501E+2	9.739228E+4
2.530580E+2	8.374236E+2	9.748133E+4
2.531095E+2	8.373451E+2	9.755162E+4
2.532304E+2	8.372627E+2	9.751313E+4
2.531092E+2	8.372296E+2	9.760538E+4
2.531529E+2	8.371680E+2	9.762560E+4
2.531116E+2	8.371395E+2	9.765266E+4
2.532155E+2	8.370961E+2	9.772392E+4
2.532835E+2	8.370678E+2	9.775168E+4
2.532057E+2	8.370214E+2	9.782351E+4
2.529443E+2	8.369390E+2	9.786921E+4
2.530746E+2	8.368772E+2	9.787687E+4
2.532020E+2	8.368618E+2	9.792922E+4
2.529306E+2	8.367702E+2	9.796026E+4
2.531547E+2	8.367367E+2	9.799486E+4
2.530794E+2	8.366912E+2	9.802568E+4
2.530048E+2	8.366221E+2	9.807306E+4
2.531369E+2	8.365575E+2	9.816383E+4
2.528780E+2	8.365179E+2	9.819003E+4
2.529455E+2	8.364671E+2	9.823136E+4
2.531388E+2	8.364195E+2	9.828236E+4
2.530006E+2	8.363941E+2	9.825521E+4
2.530268E+2	8.362767E+2	9.835338E+4
2.529948E+2	8.362835E+2	9.841401E+4
2.530306E+2	8.362485E+2	9.840541E+4
2.530864E+2	8.361795E+2	9.840632E+4
2.531732E+2	8.361519E+2	9.847918E+4
2.531062E+2	8.360784E+2	9.849334E+4
2.530019E+2	8.360501E+2	9.854498E+4
2.532365E+2	8.360020E+2	9.860081E+4
2.529602E+2	8.359567E+2	9.861985E+4
2.530234E+2	8.358746E+2	9.865985E+4
2.529847E+2	8.358240E+2	9.877126E+4
2.529031E+2	8.357778E+2	9.870551E+4
2.529744E+2	8.357336E+2	9.879062E+4
2.528884E+2	8.356769E+2	9.884386E+4
2.529317E+2	8.356174E+2	9.892389E+4
2.530498E+2	8.355441E+2	9.893277E+4
2.529635E+2	8.355887E+2	9.894926E+4
2.529463E+2	8.355041E+2	9.895927E+4
2.527880E+2	8.354170E+2	9.902748E+4
2.527827E+2	8.353570E+2	9.906468E+4
2.528953E+2	8.353787E+2	9.906226E+4
2.528413E+2	8.353004E+2	9.913986E+4
2.527440E+2	8.352744E+2	9.915815E+4
2.528734E+2	8.351939E+2	9.918316E+4
2.529028E+2	8.351394E+2	9.923583E+4
2.530114E+2	8.351040E+2	9.929160E+4
2.528111E+2	8.351059E+2	9.933346E+4
2.528555E+2	8.350502E+2	9.938555E+4
2.527570E+2	8.349522E+2	9.939802E+4
2.528245E+2	8.348818E+2	9.943048E+4
2.528869E+2	8.348693E+2	9.946597E+4
2.528085E+2	8.348221E+2	9.952445E+4
2.526106E+2	8.347412E+2	9.953934E+4
2.527113E+2	8.347104E+2	9.959566E+4
2.526222E+2	8.346468E+2	9.963649E+4
2.526774E+2	8.346155E+2	9.964538E+4
2.525390E+2	8.346181E+2	9.969878E+4
2.527093E+2	8.345106E+2	9.972803E+4
2.529016E+2	8.344765E+2	9.976995E+4
2.525715E+2	8.344562E+2	9.979845E+4
2.526333E+2	8.343592E+2	9.987140E+4
2.527203E+2	8.343349E+2	9.987177E+4
2.528150E+2	8.342982E+2	9.990021E+4
2.527874E+2	8.342283E+2	9.994612E+4
2.527365E+2	8.341677E+2	9.995918E+4
2.526178E+2	8.341308E+2	1.000467E+5
2.525622E+2	8.341040E+2	1.000506E+5
2.526847E+2	8.340472E+2	1.000514E+5
2.526444E+2	8.339932E+2	1.000934E+5
2.527312E+2	8.338890E+2	1.001764E+5
2.528383E+2	8.339196E+2	1.001932E+5
2.527271E+2	8.338674E+2	1.002480E+5
2.527576E+2	8.337831E+2	1.002798E+5
2.528213E+2	8.337473E+2	1.003191E+5
2.527321E+2	8.337193E+2	1.003307E+5
2.527215E+2	8.336680E+2	1.004180E+5
2.527593E+2	8.336298E+2	1.004019E+5
2.527026E+2	8.335641E+2	1.004522E+5
2.525470E+2	8.334931E+2	1.005103E+5
2.526119E+2	8.335051E+2	1.005332E+5
2.527000E+2	8.333672E+2	1.006472E+5
2.527165E+2	8.333479E+2	1.006867E+5
2.527170E+2	8.333510E+2	1.007359E+5
2.526267E+2	8.332897E+2	1.007809E+5
2.524599E+2	8.332207E+2	1.007743E+5
2.525143E+2	8.331923E+2	1.008296E+5
2.525767E+2	8.331343E+2	1.008487E+5
2.525841E+2	8.330983E+2	1.009228E+5
2.524029E+2	8.330162E+2	1.009893E+5
2.525102E+2	8.330012E+2	1.010269E+5
2.525046E+2	8.329206E+2	1.011032E+5
2.525015E+2	8.328842E+2	1.010763E+5
2.523741E+2	8.328131E+2	1.011321E+5
2.523770E+2	8.328135E+2	1.011824E+5
2.526221E+2	8.327564E+2	1.011822E+5
2.523928E+2	8.326720E+2	1.012974E+5
2.524203E+2	8.326462E+2	1.013035E+5
2.524564E+2	8.326070E+2	1.013763E+5
2.523750E+2	8.325614E+2	1.014400E+5
2.525188E+2	8.325197E+2	1.014889E+5
2.524068E+2	8.324637E+2	1.015684E+5
2.525131E+2	8.324092E+2	1.015401E+5
2.523296E+2	8.323725E+2	1.015806E+5
2.524281E+2	8.323727E+2	1.016425E+5
2.522568E+2	8.322447E+2	1.017352E+5
2.522330E+2	8.321868E+2	1.017270E+5
2.522799E+2	8.321499E+2	1.018069E+5
2.523247E+2	8.321196E+2	1.018324E+5
2.522521E+2	8.320462E+2	1.018977E+5
2.522672E+2	8.320054E+2	1.019205E+5
2.521437E+2	8.319677E+2	1.020422E+5
2.523642E+2	8.319228E+2	1.020086E+5
2.522273E+2	8.318127E+2	1.020816E+5
2.522396E+2	8.317792E+2	1.021261E+5
2.522947E+2	8.317493E+2	1.022085E+5
2.521407E+2	8.317530E+2	1.022000E+5
2.522826E+2	8.316698E+2	1.022709E+5
2.523108E+2	8.316469E+2	1.023296E+5
2.520677E+2	8.315835E+2	1.023893E+5
2.523553E+2	8.314957E+2	1.024181E+5
2.521625E+2	8.314606E+2	1.024486E+5
2.521544E+2	8.314502E+2	1.025317E+5
2.522271E+2	8.313929E+2	1.025504E+5
2.521083E+2	8.312910E+2	1.026191E+5
2.522313E+2	8.312733E+2	1.026387E+5
2.521252E+2	8.311768E+2	1.027536E+5
2.520692E+2	8.311932E+2	1.027244E+5
2.520998E+2	8.310673E+2	1.027654E+5
2.521060E+2	8.310418E+2	1.028337E+5
2.519841E+2	8.309868E+2	1.029000E+5
2.522649E+2	8.309608E+2	1.029301E+5
2.520690E+2	8.308729E+2	1.029602E+5
2.521733E+2	8.308455E+2	1.030713E+5
2.521074E+2	8.308368E+2	1.030614E+5
2.519593E+2	8.307660E+2	1.031223E+5
2.519191E+2	8.307405E+2	1.031613E+5
2.520624E+2	8.306687E+2	1.032032E+5
2.520187E+2	8.306121E+2	1.032595E+5
2.521034E+2	8.305334E+2	1.033118E+5
2.519628E+2	8.305327E+2	1.033648E+5
2.519690E+2	8.304657E+2	1.034256E+5
2.519063E+2	8.303891E+2	1.034600E+5
2.520055E+2	8.303754E+2	1.035074E+5
2.519184E+2	8.303491E+2	1.035354E+5
2.519310E+2	8.302627E+2	1.036326E+5
2.519757E+2	8.302229E+2	1.036697E+5
2.517426E+2	8.302316E+2	1.036768E+5
2.518191E+2	8.301513E+2	1.037315E+5
2.520477E+2	8.301050E+2	1.037692E+5
2.520004E+2	8.300436E+2	1.037873E+5
2.519018E+2	8.299477E+2	1.039287E+5
2.521311E+2	8.298994E+2	1.038983E+5
2.519491E+2	8.298944E+2	1.039536E+5
2.517955E+2	8.298012E+2	1.040056E+5
2.519068E+2	8.297849E+2	1.040845E+5
2.517717E+2	8.297146E+2	1.041254E+5
2.518263E+2	8.296472E+2	1.041653E+5
2.517517E+2	8.296116E+2	1.042309E+5
2.518655E+2	8.295803E+2	1.042576E+5
2.518690E+2	8.295390E+2	1.042653E+5
2.516740E+2	8.295120E+2	1.043924E+5
2.516858E+2	8.294685E+2	1.044093E+5
2.517904E+2	8.293842E+2	1.044626E+5
2.517572E+2	8.293386E+2	1.045023E+5
2.517760E+2	8.293227E+2	1.045399E+5
2.518233E+2	8.292792E+2	1.045273E+5
2.516655E+2	8.292075E+2	1.046267E+5
2.516981E+2	8.291793E+2	1.046569E+5
2.517788E+2	8.291445E+2	1.046531E+5
2.516669E+2	8.290411E+2	1.047626E+5
2.516686E+2	8.290011E+2	1.048221E+5
2.515456E+2	8.289355E+2	1.048832E+5
2.515141E+2	8.289136E+2	1.049530E+5
2.516101E+2	8.288193E+2	1.049373E+5
2.515862E+2	8.287863E+2	1.050191E+5
2.517517E+2	8.287852E+2	1.050299E+5
2.516207E+2	8.287016E+2	1.050964E+5
2.517426E+2	8.286627E+2	1.050678E+5
2.514140E+2	8.286286E+2	1.051536E+5
2.517657E+2	8.285774E+2	1.052061E+5
2.515550E+2	8.285118E+2	1.052667E+5
2.517396E+2	8.284935E+2	1.052832E+5
2.515954E+2	8.283943E+2	1.053260E+5
2.517047E+2	8.283924E+2	1.053444E+5
2.516503E+2	8.283357E+2	1.054351E+5
2.516275E+2	8.282521E+2	1.055160E+5
2.515934E+2	8.282426E+2	1.055308E+5
2.516211E+2	8.281794E+2	1.055725E+5
2.517793E+2	8.281490E+2	1.055506E+5
2.515667E+2	8.280566E+2	1.056409E+5
2.515886E+2	8.280186E+2	1.056681E+5
2.516369E+2	8.279919E+2	1.057126E+5
2.516837E+2	8.279522E+2	1.057531E+5
2.516920E+2	8.279285E+2	1.058436E+5
2.514207E+2	8.278207E+2	1.058609E+5
2.515625E+2	8.277907E+2	1.059228E+5
2.514494E+2	8.277593E+2	1.059648E+5
2.514861E+2	8.276805E+2	1.059898E+5
2.515510E+2	8.276198E+2	1.060364E+5
2.514608E+2	8.276248E+2	1.060709E+5
2.514892E+2	8.275473E+2	1.061344E+5
2.516143E+2	8.274844E+2	1.061585E+5
2.514555E+2	8.274756E+2	1.062236E+5
2.515686E+2	8.273975E+2	1.062651E+5
2.514346E+2	8.273777E+2	1.063531E+5
2.513417E+2	8.273532E+2	1.063629E+5
2.516081E+2	8.272815E+2	1.063164E+5
2.513956E+2	8.272040E+2	1.063892E+5
2.514667E+2	8.271782E+2	1.064506E+5
2.514131E+2	8.271069E+2	1.065129E+5
2.513429E+2	8.271212E+2	1.065662E+5
2.514247E+2	8.270679E+2	1.065785E+5
2.514267E+2	8.269736E+2	1.066310E+5
2.516371E+2	8.269456E+2	1.067005E+5
2.515093E+2	8.268862E+2	1.066817E+5
2.515141E+2	8.268383E+2	1.067279E+5
2.513179E+2	8.268156E+2	1.067710E+5
2.512544E+2	8.267313E+2	1.068432E+5
2.514899E+2	8.267452E+2	1.068984E+5
2.513443E+2	8.266418E+2	1.068862E+5
2.514235E+2	8.266086E+2	1.069495E+5
2.513312E+2	8.265443E+2	1.070216E+5
2.513194E+2	8.265612E+2	1.070524E+5
2.512862E+2	8.264871E+2	1.070616E+5
2.513987E+2	8.263989E+2	1.071113E+5
2.512413E+2	8.264048E+2	1.071441E+5
2.513257E+2	8.263816E+2	1.071776E+5
2.512234E+2	8.263181E+2	1.071823E+5
2.512352E+2	8.262776E+2	1.072780E+5
2.512425E+2	8.262330E+2	1.073060E+5
2.511280E+2	8.261550E+2	1.073415E+5
2.511902E+2	8.261271E+2	1.074004E+5
2.512191E+2	8.260727E+2	1.074363E+5
2.512094E+2	8.259852E+2	1.074149E+5
2.510503E+2	8.259714E+2	1.075509E+5
2.511674E+2	8.259497E+2	1.075649E+5
2.510884E+2	8.258848E+2	1.076163E+5
2.511603E+2	8.257988E+2	1.076530E+5
2.511637E+2	8.257715E+2	1.076595E+5
2.512883E+2	8.257337E+2	1.077376E+5
2.512483E+2	8.257328E+2	1.077348E+5
2.513671E+2	8.256531E+2	1.077616E+5
2.512389E+2	8.256049E+2	1.078067E+5
2.511828E+2	8.255713E+2	1.078449E+5
