3.395900E+2	1.165567E+3	3.012327E+3
3.394050E+2	1.166208E+3	3.005226E+3
3.392894E+2	1.166897E+3	2.997800E+3
3.392762E+2	1.167525E+3	2.991932E+3
3.392575E+2	1.168211E+3	2.985460E+3
3.394480E+2	1.168897E+3	2.979318E+3
3.392727E+2	1.169496E+3	2.973986E+3
3.391036E+2	1.170170E+3	2.968449E+3
3.392360E+2	1.170856E+3	2.964001E+3
3.393801E+2	1.171419E+3	2.959224E+3
3.392661E+2	1.172098E+3	2.954441E+3
3.390673E+2	1.172727E+3	2.950771E+3
3.391790E+2	1.173295E+3	2.947949E+3
3.392265E+2	1.173928E+3	2.944172E+3
3.391127E+2	1.174504E+3	2.940642E+3
3.388250E+2	1.175103E+3	2.938123E+3
3.389417E+2	1.175755E+3	2.935843E+3
3.391493E+2	1.176340E+3	2.932807E+3
3.388571E+2	1.176985E+3	2.931579E+3
3.385951E+2	1.177539E+3	2.929300E+3
3.388899E+2	1.178106E+3	2.927998E+3
3.386249E+2	1.178615E+3	2.926297E+3
3.388898E+2	1.179272E+3	2.925448E+3
3.386156E+2	1.179726E+3	2.924289E+3
3.385882E+2	1.180345E+3	2.924042E+3
3.383803E+2	1.180922E+3	2.923727E+3
3.384195E+2	1.181350E+3	2.922799E+3
3.382636E+2	1.181941E+3	2.923542E+3
3.383438E+2	1.182561E+3	2.923094E+3
3.381336E+2	1.182967E+3	2.923849E+3
3.381507E+2	1.183538E+3	2.924106E+3
3.378522E+2	1.184075E+3	2.924471E+3
3.379149E+2	1.184612E+3	2.926337E+3
3.378059E+2	1.185075E+3	2.927488E+3
3.377245E+2	1.185542E+3	2.928646E+3
3.377083E+2	1.186105E+3	2.929688E+3
3.378379E+2	1.186558E+3	2.931133E+3
3.375674E+2	1.187031E+3	2.932561E+3
3.378239E+2	1.187551E+3	2.935111E+3
3.375249E+2	1.188054E+3	2.937130E+3
3.373643E+2	1.188488E+3	2.939077E+3
3.372718E+2	1.188934E+3	2.941782E+3
3.370975E+2	1.189435E+3	2.944726E+3
3.371086E+2	1.189962E+3	2.946785E+3
3.371471E+2	1.190461E+3	2.950459E+3
3.370094E+2	1.190831E+3	2.953189E+3
3.369914E+2	1.191368E+3	2.955661E+3
3.364646E+2	1.191806E+3	2.959475E+3
3.365316E+2	1.192240E+3	2.962488E+3
3.367602E+2	1.192723E+3	2.966314E+3
3.365778E+2	1.193145E+3	2.969683E+3
3.363972E+2	1.193561E+3	2.974172E+3
3.363967E+2	1.194016E+3	2.978105E+3
3.361160E+2	1.194383E+3	2.982572E+3
3.359533E+2	1.194772E+3	2.986333E+3
3.361381E+2	1.195238E+3	2.990227E+3
3.360374E+2	1.195692E+3	2.995011E+3
3.360269E+2	1.196044E+3	2.999080E+3
3.358728E+2	1.196513E+3	3.004266E+3
3.360574E+2	1.196853E+3	3.008423E+3
3.355009E+2	1.197301E+3	3.014328E+3
3.353048E+2	1.197662E+3	3.018749E+3
3.354279E+2	1.198032E+3	3.024102E+3
3.353576E+2	1.198404E+3	3.029029E+3
3.351235E+2	1.198827E+3	3.034226E+3
3.350652E+2	1.199212E+3	3.040054E+3
3.350851E+2	1.199604E+3	3.045610E+3
3.349464E+2	1.199996E+3	3.050977E+3
3.350049E+2	1.200288E+3	3.056871E+3
3.348636E+2	1.200694E+3	3.062392E+3
3.347884E+2	1.201017E+3	3.068585E+3
3.346100E+2	1.201395E+3	3.074179E+3
3.345516E+2	1.201709E+3	3.080371E+3
3.345943E+2	1.202094E+3	3.086803E+3
3.342441E+2	1.202353E+3	3.092513E+3
3.340605E+2	1.202789E+3	3.099115E+3
3.342592E+2	1.203070E+3	3.105940E+3
3.340367E+2	1.203380E+3	3.112366E+3
3.339015E+2	1.203758E+3	3.118985E+3
3.337414E+2	1.203994E+3	3.125589E+3
3.336043E+2	1.204330E+3	3.132769E+3
3.334977E+2	1.204771E+3	3.139874E+3
3.334064E+2	1.205034E+3	3.146609E+3
3.331862E+2	1.205352E+3	3.153615E+3
3.333828E+2	1.205607E+3	3.161004E+3
3.333278E+2	1.205893E+3	3.167619E+3
3.328854E+2	1.206187E+3	3.175153E+3
3.331987E+2	1.206503E+3	3.182207E+3
3.326906E+2	1.206761E+3	3.190375E+3
3.328621E+2	1.207071E+3	3.196840E+3
3.326196E+2	1.207377E+3	3.205015E+3
3.327664E+2	1.207628E+3	3.212782E+3
3.326506E+2	1.207919E+3	3.219970E+3
3.324982E+2	1.208166E+3	3.228503E+3
3.324115E+2	1.208468E+3	3.236021E+3
3.322651E+2	1.208692E+3	3.243846E+3
3.321916E+2	1.209063E+3	3.252051E+3
3.323459E+2	1.209323E+3	3.260953E+3
3.319984E+2	1.209624E+3	3.268860E+3
3.318149E+2	1.209887E+3	3.277012E+3
3.315604E+2	1.210114E+3	3.284882E+3
3.316521E+2	1.210474E+3	3.293950E+3
3.314332E+2	1.210721E+3	3.301807E+3
3.315581E+2	1.210973E+3	3.310822E+3
3.312915E+2	1.211180E+3	3.319628E+3
3.313140E+2	1.211462E+3	3.328717E+3
3.312648E+2	1.211756E+3	3.337906E+3
3.310727E+2	1.212018E+3	3.347728E+3
3.308625E+2	1.212167E+3	3.356854E+3
3.308788E+2	1.212558E+3	3.367162E+3
3.302936E+2	1.212785E+3	3.377456E+3
3.304865E+2	1.213004E+3	3.388903E+3
3.303226E+2	1.213262E+3	3.400272E+3
3.298621E+2	1.213456E+3	3.412157E+3
3.299066E+2	1.213761E+3	3.424017E+3
3.295166E+2	1.213962E+3	3.436381E+3
3.295668E+2	1.214257E+3	3.449255E+3
3.294158E+2	1.214471E+3	3.463197E+3
3.292028E+2	1.214665E+3	3.476495E+3
3.288503E+2	1.214843E+3	3.491222E+3
3.287073E+2	1.215042E+3	3.505060E+3
3.282723E+2	1.215274E+3	3.520662E+3
3.284820E+2	1.215404E+3	3.536281E+3
3.280497E+2	1.215545E+3	3.551891E+3
3.279856E+2	1.215751E+3	3.567949E+3
3.275066E+2	1.215876E+3	3.585758E+3
3.275568E+2	1.216089E+3	3.602804E+3
3.273320E+2	1.216233E+3	3.620541E+3
3.270615E+2	1.216349E+3	3.638715E+3
3.269216E+2	1.216435E+3	3.657427E+3
3.267422E+2	1.216606E+3	3.676201E+3
3.264646E+2	1.216683E+3	3.695336E+3
3.262480E+2	1.216776E+3	3.715500E+3
3.260505E+2	1.216938E+3	3.735928E+3
3.258848E+2	1.216954E+3	3.756058E+3
3.256048E+2	1.216991E+3	3.776748E+3
3.252963E+2	1.217092E+3	3.798654E+3
3.252369E+2	1.217141E+3	3.820660E+3
3.248699E+2	1.217231E+3	3.841817E+3
3.245732E+2	1.217239E+3	3.864887E+3
3.241602E+2	1.217308E+3	3.887608E+3
3.239517E+2	1.217282E+3	3.911063E+3
3.239385E+2	1.217340E+3	3.934591E+3
3.237366E+2	1.217341E+3	3.958031E+3
3.234591E+2	1.217470E+3	3.982536E+3
3.233356E+2	1.217359E+3	4.007026E+3
3.230785E+2	1.217352E+3	4.032309E+3
3.226738E+2	1.217346E+3	4.057523E+3
3.226906E+2	1.217384E+3	4.083464E+3
3.224162E+2	1.217320E+3	4.110030E+3
3.219899E+2	1.217366E+3	4.136459E+3
3.218544E+2	1.217283E+3	4.163031E+3
3.216752E+2	1.217240E+3	4.190450E+3
3.215056E+2	1.217140E+3	4.219086E+3
3.213003E+2	1.217086E+3	4.247282E+3
3.210560E+2	1.217084E+3	4.275195E+3
3.207462E+2	1.216936E+3	4.303608E+3
3.204302E+2	1.216835E+3	4.332495E+3
3.202142E+2	1.216792E+3	4.361391E+3
3.200054E+2	1.216652E+3	4.391241E+3
3.200183E+2	1.216523E+3	4.421492E+3
3.194056E+2	1.216465E+3	4.452148E+3
3.191630E+2	1.216363E+3	4.483095E+3
3.193149E+2	1.216276E+3	4.514033E+3
3.188403E+2	1.216146E+3	4.545721E+3
3.188304E+2	1.216024E+3	4.576715E+3
3.183867E+2	1.215901E+3	4.609384E+3
3.181405E+2	1.215752E+3	4.641420E+3
3.178634E+2	1.215620E+3	4.674805E+3
3.178308E+2	1.215459E+3	4.707284E+3
3.176981E+2	1.215266E+3	4.741612E+3
3.175368E+2	1.215083E+3	4.776264E+3
3.171494E+2	1.215014E+3	4.809855E+3
3.169799E+2	1.214750E+3	4.843728E+3
3.166660E+2	1.214542E+3	4.878379E+3
3.166111E+2	1.214298E+3	4.914297E+3
3.163839E+2	1.214152E+3	4.949217E+3
3.160953E+2	1.213966E+3	4.984830E+3
3.159322E+2	1.213744E+3	5.021779E+3
3.156730E+2	1.213606E+3	5.058286E+3
3.153253E+2	1.213405E+3	5.094730E+3
3.153194E+2	1.213094E+3	5.132840E+3
3.150566E+2	1.212903E+3	5.169672E+3
3.146738E+2	1.212686E+3	5.207366E+3
3.145873E+2	1.212431E+3	5.245974E+3
3.143415E+2	1.212236E+3	5.284788E+3
3.138616E+2	1.211892E+3	5.322982E+3
3.138903E+2	1.211716E+3	5.362442E+3
3.137087E+2	1.211455E+3	5.402287E+3
3.134753E+2	1.211244E+3	5.441516E+3
3.132917E+2	1.210981E+3	5.482243E+3
3.127853E+2	1.210672E+3	5.522844E+3
3.127872E+2	1.210323E+3	5.562026E+3
3.126098E+2	1.210115E+3	5.605106E+3
3.123380E+2	1.209768E+3	5.645279E+3
3.120853E+2	1.209530E+3	5.688204E+3
3.118297E+2	1.209256E+3	5.729681E+3
3.116817E+2	1.208928E+3	5.772287E+3
3.115105E+2	1.208590E+3	5.815926E+3
3.112067E+2	1.208318E+3	5.859011E+3
3.109069E+2	1.208050E+3	5.902525E+3
3.108831E+2	1.207668E+3	5.945955E+3
3.106673E+2	1.207311E+3	5.991108E+3
3.105793E+2	1.206984E+3	6.035885E+3
3.104266E+2	1.206626E+3	6.080054E+3
3.099580E+2	1.206309E+3	6.125987E+3
3.098406E+2	1.206002E+3	6.172150E+3
3.096136E+2	1.205681E+3	6.218228E+3
3.092484E+2	1.205328E+3	6.265389E+3
3.093370E+2	1.204926E+3	6.310752E+3
3.090423E+2	1.204561E+3	6.358144E+3
3.088648E+2	1.204209E+3	6.405934E+3
3.086501E+2	1.203908E+3	6.452895E+3
3.083715E+2	1.203501E+3	6.501813E+3
3.080631E+2	1.203097E+3	6.549653E+3
3.079822E+2	1.202676E+3	6.598389E+3
3.078121E+2	1.202334E+3	6.646293E+3
3.075714E+2	1.201918E+3	6.697502E+3
3.071976E+2	1.201588E+3	6.746985E+3
3.070952E+2	1.201208E+3	6.796509E+3
3.069260E+2	1.200770E+3	6.848873E+3
3.067070E+2	1.200324E+3	6.899544E+3
3.065295E+2	1.199940E+3	6.950231E+3
3.061611E+2	1.199570E+3	7.002555E+3
3.062086E+2	1.199063E+3	7.054343E+3
3.057129E+2	1.198675E+3	7.108398E+3
3.056638E+2	1.198306E+3	7.162221E+3
3.053922E+2	1.197864E+3	7.214343E+3
3.053876E+2	1.197443E+3	7.267860E+3
3.050919E+2	1.196983E+3	7.320650E+3
3.047928E+2	1.196532E+3	7.377210E+3
3.047518E+2	1.196141E+3	7.430670E+3
3.045030E+2	1.195760E+3	7.486746E+3
3.043534E+2	1.195222E+3	7.542575E+3
3.040953E+2	1.194775E+3	7.597825E+3
3.037581E+2	1.194379E+3	7.655098E+3
3.036113E+2	1.193912E+3	7.710304E+3
3.033705E+2	1.193462E+3	7.767674E+3
3.034442E+2	1.193086E+3	7.824110E+3
3.029561E+2	1.192545E+3	7.882717E+3
3.029413E+2	1.192032E+3	7.938385E+3
3.026681E+2	1.191633E+3	7.997133E+3
3.026348E+2	1.191164E+3	8.056554E+3
3.020642E+2	1.190621E+3	8.115516E+3
3.018625E+2	1.190108E+3	8.176328E+3
3.018594E+2	1.189762E+3	8.234963E+3
3.016964E+2	1.189217E+3	8.295015E+3
3.014564E+2	1.188740E+3	8.357000E+3
3.012697E+2	1.188179E+3	8.419146E+3
3.011036E+2	1.187730E+3	8.479990E+3
3.009334E+2	1.187253E+3	8.540464E+3
3.008695E+2	1.186792E+3	8.602482E+3
3.005248E+2	1.186286E+3	8.665083E+3
3.003450E+2	1.185790E+3	8.729107E+3
3.002099E+2	1.185236E+3	8.791469E+3
2.999985E+2	1.184774E+3	8.855421E+3
2.999915E+2	1.184184E+3	8.917137E+3
2.995460E+2	1.183710E+3	8.983257E+3
2.995263E+2	1.183222E+3	9.048418E+3
2.993292E+2	1.182681E+3	9.113272E+3
2.991481E+2	1.182191E+3	9.178526E+3
2.990799E+2	1.181690E+3	9.241972E+3
2.989311E+2	1.181146E+3	9.308389E+3
2.984441E+2	1.180591E+3	9.375867E+3
2.984562E+2	1.180183E+3	9.443645E+3
2.982700E+2	1.179613E+3	9.511035E+3
2.981418E+2	1.179091E+3	9.577217E+3
2.977371E+2	1.178482E+3	9.646047E+3
2.976049E+2	1.177986E+3	9.715210E+3
2.975302E+2	1.177412E+3	9.782488E+3
2.975099E+2	1.176948E+3	9.851310E+3
2.972014E+2	1.176492E+3	9.920995E+3
2.970560E+2	1.175907E+3	9.990595E+3
2.969282E+2	1.175409E+3	1.006180E+4
2.967871E+2	1.174764E+3	1.013169E+4
2.962777E+2	1.174223E+3	1.020290E+4
2.963163E+2	1.173724E+3	1.027396E+4
2.960938E+2	1.173110E+3	1.034638E+4
2.959701E+2	1.172565E+3	1.042038E+4
2.958491E+2	1.172071E+3	1.049401E+4
2.957896E+2	1.171486E+3	1.056482E+4
2.954350E+2	1.170934E+3	1.063774E+4
2.954657E+2	1.170359E+3	1.070882E+4
2.952356E+2	1.169837E+3	1.078721E+4
2.949564E+2	1.169251E+3	1.086033E+4
2.946656E+2	1.168663E+3	1.093586E+4
2.944279E+2	1.168053E+3	1.101059E+4
2.943940E+2	1.167592E+3	1.108777E+4
2.944551E+2	1.166985E+3	1.116176E+4
2.939996E+2	1.166408E+3	1.124018E+4
2.941302E+2	1.165849E+3	1.131495E+4
2.937945E+2	1.165203E+3	1.139372E+4
2.936644E+2	1.164797E+3	1.147256E+4
2.934500E+2	1.164151E+3	1.154946E+4
2.933347E+2	1.163557E+3	1.162852E+4
2.928346E+2	1.162991E+3	1.170955E+4
2.928166E+2	1.162386E+3	1.178701E+4
2.925926E+2	1.161847E+3	1.186770E+4
2.924287E+2	1.161296E+3	1.194615E+4
2.924797E+2	1.160701E+3	1.202341E+4
2.923445E+2	1.160117E+3	1.210776E+4
2.922433E+2	1.159544E+3	1.218597E+4
2.919608E+2	1.158973E+3	1.226692E+4
2.919075E+2	1.158405E+3	1.234993E+4
2.917445E+2	1.157899E+3	1.243203E+4
2.915303E+2	1.157216E+3	1.251583E+4
2.914528E+2	1.156588E+3	1.259674E+4
2.912281E+2	1.156047E+3	1.268245E+4
2.910833E+2	1.155470E+3	1.276158E+4
2.908507E+2	1.154855E+3	1.285087E+4
2.906321E+2	1.154240E+3	1.293459E+4
2.906548E+2	1.153682E+3	1.301858E+4
2.906322E+2	1.153070E+3	1.310622E+4
2.904129E+2	1.152446E+3	1.319232E+4
2.901699E+2	1.151877E+3	1.327776E+4
2.900313E+2	1.151267E+3	1.336430E+4
2.899813E+2	1.150656E+3	1.345340E+4
2.896193E+2	1.150076E+3	1.354036E+4
2.895593E+2	1.149457E+3	1.362886E+4
2.895799E+2	1.148898E+3	1.371134E+4
2.892742E+2	1.148280E+3	1.380383E+4
2.890533E+2	1.147617E+3	1.389201E+4
2.889143E+2	1.147078E+3	1.398341E+4
2.888703E+2	1.146485E+3	1.407251E+4
2.886211E+2	1.145879E+3	1.416185E+4
2.885487E+2	1.145260E+3	1.425282E+4
2.884368E+2	1.144625E+3	1.434344E+4
2.883058E+2	1.144058E+3	1.443487E+4
2.881613E+2	1.143435E+3	1.452524E+4
2.882119E+2	1.142822E+3	1.461906E+4
2.877978E+2	1.142172E+3	1.471406E+4
2.877629E+2	1.141700E+3	1.480476E+4
2.875320E+2	1.141033E+3	1.489965E+4
2.873485E+2	1.140383E+3	1.499072E+4
2.873633E+2	1.139742E+3	1.508495E+4
2.873049E+2	1.139175E+3	1.518088E+4
2.870480E+2	1.138577E+3	1.527758E+4
2.868482E+2	1.137994E+3	1.537314E+4
2.869067E+2	1.137284E+3	1.546524E+4
2.867250E+2	1.136698E+3	1.556232E+4
2.864777E+2	1.136052E+3	1.566119E+4
2.863866E+2	1.135531E+3	1.575775E+4
2.863252E+2	1.134817E+3	1.585372E+4
2.860577E+2	1.134264E+3	1.594985E+4
2.859253E+2	1.133658E+3	1.605109E+4
2.859794E+2	1.133049E+3	1.614741E+4
2.856951E+2	1.132391E+3	1.624370E+4
2.855127E+2	1.131788E+3	1.634841E+4
2.854471E+2	1.131199E+3	1.644737E+4
2.853518E+2	1.130593E+3	1.654476E+4
2.850609E+2	1.129967E+3	1.664643E+4
2.849311E+2	1.129388E+3	1.674703E+4
2.847390E+2	1.128709E+3	1.685013E+4
2.847359E+2	1.128161E+3	1.695087E+4
2.845755E+2	1.127481E+3	1.705520E+4
2.844438E+2	1.126930E+3	1.715405E+4
2.841358E+2	1.126178E+3	1.725849E+4
2.840426E+2	1.125665E+3	1.735950E+4
2.839976E+2	1.125015E+3	1.746640E+4
2.837985E+2	1.124421E+3	1.757253E+4
2.836343E+2	1.123752E+3	1.767399E+4
2.834967E+2	1.123169E+3	1.778070E+4
2.833559E+2	1.122581E+3	1.788098E+4
2.832001E+2	1.121951E+3	1.799144E+4
2.830620E+2	1.121269E+3	1.809440E+4
2.831056E+2	1.120623E+3	1.820037E+4
2.829588E+2	1.120011E+3	1.830425E+4
2.829677E+2	1.119337E+3	1.841359E+4
2.826758E+2	1.118755E+3	1.851692E+4
2.824423E+2	1.118142E+3	1.862562E+4
2.823654E+2	1.117485E+3	1.873718E+4
2.822673E+2	1.116929E+3	1.884276E+4
2.819546E+2	1.116260E+3	1.895117E+4
2.821516E+2	1.115744E+3	1.905961E+4
2.820449E+2	1.115055E+3	1.916593E+4
2.816659E+2	1.114517E+3	1.928100E+4
2.816099E+2	1.113867E+3	1.939028E+4
2.815903E+2	1.113278E+3	1.949853E+4
2.812184E+2	1.112584E+3	1.961181E+4
2.812013E+2	1.111984E+3	1.971959E+4
2.810277E+2	1.111318E+3	1.983553E+4
2.809452E+2	1.110769E+3	1.994106E+4
2.807748E+2	1.110131E+3	2.005184E+4
2.809568E+2	1.109547E+3	2.016742E+4
2.806595E+2	1.108899E+3	2.027845E+4
2.805721E+2	1.108336E+3	2.039506E+4
2.803602E+2	1.107635E+3	2.050730E+4
2.805020E+2	1.107085E+3	2.061839E+4
2.802758E+2	1.106374E+3	2.073837E+4
2.801239E+2	1.105839E+3	2.085073E+4
2.799343E+2	1.105246E+3	2.096376E+4
2.797779E+2	1.104569E+3	2.108328E+4
2.797239E+2	1.103970E+3	2.119912E+4
2.795788E+2	1.103337E+3	2.131708E+4
2.795774E+2	1.102736E+3	2.143156E+4
2.796972E+2	1.102123E+3	2.154468E+4
2.791450E+2	1.101469E+3	2.166196E+4
2.790715E+2	1.100874E+3	2.177765E+4
2.791696E+2	1.100304E+3	2.189621E+4
2.788282E+2	1.099698E+3	2.202048E+4
2.789552E+2	1.099053E+3	2.213747E+4
2.786646E+2	1.098428E+3	2.225105E+4
2.788089E+2	1.097785E+3	2.237798E+4
2.787029E+2	1.097180E+3	2.249226E+4
2.786334E+2	1.096603E+3	2.260811E+4
2.783472E+2	1.096000E+3	2.273558E+4
2.782954E+2	1.095392E+3	2.285181E+4
2.780569E+2	1.094758E+3	2.297471E+4
2.781235E+2	1.094106E+3	2.309280E+4
2.781558E+2	1.093488E+3	2.321101E+4
2.778131E+2	1.092954E+3	2.333708E+4
2.776219E+2	1.092308E+3	2.345327E+4
2.775405E+2	1.091610E+3	2.358190E+4
2.774609E+2	1.091059E+3	2.370239E+4
2.775511E+2	1.090509E+3	2.382491E+4
2.772526E+2	1.089827E+3	2.394683E+4
2.769416E+2	1.089323E+3	2.407546E+4
2.771744E+2	1.088592E+3	2.419740E+4
2.768934E+2	1.088033E+3	2.432335E+4
2.767335E+2	1.087473E+3	2.444650E+4
2.768639E+2	1.086879E+3	2.456581E+4
2.767220E+2	1.086216E+3	2.469794E+4
2.767003E+2	1.085598E+3	2.482470E+4
2.765190E+2	1.084960E+3	2.494957E+4
2.765115E+2	1.084408E+3	2.507408E+4
2.761456E+2	1.083782E+3	2.520012E+4
2.763349E+2	1.083178E+3	2.533198E+4
2.760673E+2	1.082563E+3	2.545937E+4
2.759164E+2	1.081964E+3	2.557873E+4
2.759420E+2	1.081352E+3	2.570916E+4
2.758405E+2	1.080755E+3	2.583361E+4
2.756661E+2	1.080194E+3	2.596658E+4
2.755834E+2	1.079522E+3	2.609144E+4
2.755677E+2	1.079008E+3	2.622650E+4
2.753963E+2	1.078414E+3	2.634631E+4
2.752927E+2	1.077826E+3	2.648159E+4
2.751522E+2	1.077260E+3	2.661333E+4
2.750196E+2	1.076614E+3	2.674144E+4
2.749464E+2	1.075993E+3	2.686702E+4
2.748581E+2	1.075411E+3	2.700219E+4
2.748445E+2	1.074803E+3	2.713394E+4
2.746887E+2	1.074207E+3	2.726026E+4
2.746512E+2	1.073584E+3	2.739419E+4
2.744899E+2	1.073048E+3	2.753089E+4
2.743825E+2	1.072425E+3	2.766032E+4
2.742861E+2	1.071813E+3	2.778976E+4
2.742190E+2	1.071204E+3	2.792365E+4
2.741229E+2	1.070668E+3	2.805689E+4
2.740886E+2	1.070019E+3	2.818037E+4
2.738480E+2	1.069513E+3	2.832574E+4
2.738399E+2	1.068910E+3	2.845191E+4
2.737495E+2	1.068309E+3	2.858366E+4
2.736898E+2	1.067763E+3	2.872189E+4
2.734311E+2	1.067165E+3	2.886289E+4
2.733869E+2	1.066558E+3	2.899794E+4
2.732170E+2	1.065864E+3	2.912867E+4
2.733028E+2	1.065449E+3	2.926094E+4
2.733253E+2	1.064823E+3	2.940683E+4
2.731914E+2	1.064260E+3	2.953341E+4
2.729424E+2	1.063562E+3	2.967088E+4
2.727831E+2	1.063056E+3	2.981067E+4
2.728574E+2	1.062475E+3	2.994744E+4
2.726539E+2	1.061962E+3	3.008163E+4
2.726472E+2	1.061314E+3	3.022242E+4
2.726892E+2	1.060712E+3	3.035506E+4
2.724930E+2	1.060180E+3	3.049178E+4
2.721558E+2	1.059565E+3	3.063506E+4
2.723088E+2	1.058999E+3	3.077592E+4
2.721929E+2	1.058375E+3	3.090808E+4
2.721864E+2	1.057866E+3	3.104052E+4
2.720956E+2	1.057292E+3	3.118058E+4
2.720138E+2	1.056728E+3	3.132470E+4
2.717842E+2	1.056104E+3	3.146417E+4
2.717313E+2	1.055584E+3	3.160105E+4
2.717810E+2	1.054975E+3	3.174226E+4
2.715259E+2	1.054412E+3	3.188575E+4
2.714920E+2	1.053859E+3	3.202208E+4
2.715486E+2	1.053221E+3	3.215953E+4
2.712373E+2	1.052624E+3	3.230403E+4
2.714077E+2	1.052076E+3	3.244291E+4
2.711852E+2	1.051567E+3	3.257998E+4
2.711618E+2	1.050952E+3	3.272402E+4
2.710094E+2	1.050388E+3	3.285972E+4
2.708717E+2	1.049841E+3	3.300497E+4
2.708224E+2	1.049249E+3	3.315383E+4
2.709597E+2	1.048709E+3	3.329126E+4
2.707495E+2	1.048133E+3	3.343896E+4
2.706337E+2	1.047603E+3	3.358688E+4
2.704782E+2	1.047094E+3	3.371904E+4
2.706322E+2	1.046475E+3	3.386578E+4
2.703959E+2	1.045951E+3	3.401356E+4
2.702916E+2	1.045356E+3	3.415772E+4
2.702048E+2	1.044821E+3	3.430423E+4
2.700852E+2	1.044211E+3	3.444883E+4
2.701838E+2	1.043647E+3	3.458855E+4
2.699974E+2	1.043141E+3	3.473484E+4
2.698174E+2	1.042610E+3	3.487207E+4
2.698016E+2	1.041998E+3	3.502150E+4
2.695397E+2	1.041434E+3	3.516258E+4
2.696425E+2	1.040938E+3	3.531291E+4
2.695388E+2	1.040405E+3	3.545822E+4
2.695002E+2	1.039825E+3	3.559958E+4
2.695857E+2	1.039222E+3	3.574227E+4
2.693585E+2	1.038717E+3	3.589305E+4
2.693991E+2	1.038152E+3	3.602829E+4
2.692224E+2	1.037596E+3	3.617474E+4
2.690943E+2	1.037029E+3	3.631721E+4
2.689547E+2	1.036474E+3	3.647606E+4
2.688568E+2	1.035902E+3	3.662298E+4
2.687143E+2	1.035343E+3	3.676780E+4
2.687475E+2	1.034839E+3	3.690774E+4
2.686852E+2	1.034316E+3	3.706551E+4
2.685129E+2	1.033803E+3	3.721751E+4
2.684439E+2	1.033219E+3	3.735714E+4
2.684850E+2	1.032664E+3	3.751086E+4
2.683145E+2	1.032111E+3	3.765344E+4
2.683711E+2	1.031653E+3	3.780439E+4
2.681903E+2	1.031058E+3	3.795726E+4
2.681806E+2	1.030454E+3	3.810784E+4
2.680701E+2	1.030006E+3	3.825023E+4
2.680964E+2	1.029456E+3	3.840314E+4
2.680484E+2	1.028968E+3	3.855812E+4
2.679506E+2	1.028397E+3	3.870252E+4
2.676311E+2	1.027798E+3	3.885779E+4
2.675111E+2	1.027343E+3	3.900393E+4
2.676756E+2	1.026774E+3	3.915672E+4
2.674344E+2	1.026249E+3	3.930990E+4
2.674411E+2	1.025774E+3	3.944900E+4
2.674470E+2	1.025237E+3	3.961328E+4
2.674494E+2	1.024694E+3	3.975948E+4
2.674036E+2	1.024105E+3	3.990915E+4
2.672496E+2	1.023583E+3	4.005891E+4
2.671174E+2	1.023073E+3	4.020606E+4
2.670464E+2	1.022550E+3	4.036568E+4
2.672169E+2	1.021995E+3	4.050887E+4
2.669219E+2	1.021482E+3	4.066105E+4
2.669887E+2	1.020930E+3	4.081748E+4
2.669987E+2	1.020453E+3	4.095821E+4
2.667277E+2	1.019909E+3	4.112963E+4
2.666412E+2	1.019373E+3	4.126839E+4
2.666139E+2	1.018805E+3	4.141577E+4
2.665185E+2	1.018285E+3	4.157881E+4
2.665460E+2	1.017889E+3	4.173401E+4
2.664914E+2	1.017283E+3	4.188488E+4
2.665567E+2	1.016773E+3	4.203979E+4
2.663272E+2	1.016302E+3	4.219461E+4
2.663360E+2	1.015714E+3	4.234522E+4
2.661224E+2	1.015216E+3	4.250442E+4
2.659237E+2	1.014715E+3	4.264797E+4
2.661477E+2	1.014271E+3	4.279840E+4
2.661176E+2	1.013703E+3	4.294992E+4
2.659174E+2	1.013216E+3	4.311423E+4
2.658038E+2	1.012680E+3	4.326610E+4
2.657290E+2	1.012248E+3	4.341943E+4
2.657281E+2	1.011683E+3	4.358957E+4
2.655823E+2	1.011214E+3	4.372521E+4
2.654597E+2	1.010689E+3	4.388012E+4
2.655451E+2	1.010187E+3	4.405071E+4
2.653804E+2	1.009691E+3	4.420152E+4
2.653406E+2	1.009201E+3	4.435995E+4
2.652978E+2	1.008624E+3	4.451075E+4
2.651854E+2	1.008146E+3	4.466051E+4
2.650452E+2	1.007645E+3	4.482044E+4
2.649320E+2	1.007128E+3	4.499075E+4
2.651082E+2	1.006649E+3	4.513221E+4
2.650160E+2	1.006177E+3	4.528465E+4
2.649070E+2	1.005686E+3	4.543516E+4
2.649196E+2	1.005168E+3	4.560403E+4
2.647049E+2	1.004656E+3	4.575289E+4
2.646585E+2	1.004164E+3	4.591615E+4
2.644860E+2	1.003678E+3	4.606782E+4
2.646651E+2	1.003153E+3	4.622425E+4
2.646342E+2	1.002640E+3	4.638294E+4
2.645349E+2	1.002168E+3	4.653704E+4
2.643679E+2	1.001729E+3	4.669830E+4
2.643328E+2	1.001228E+3	4.685214E+4
2.643121E+2	1.000717E+3	4.702334E+4
2.642079E+2	1.000204E+3	4.716116E+4
2.641877E+2	9.997368E+2	4.731867E+4
2.640245E+2	9.992370E+2	4.747730E+4
2.640195E+2	9.987572E+2	4.764053E+4
2.639758E+2	9.982553E+2	4.778179E+4
2.639353E+2	9.977728E+2	4.794802E+4
2.638056E+2	9.973053E+2	4.811659E+4
2.637487E+2	9.968189E+2	4.827226E+4
2.636547E+2	9.963620E+2	4.843465E+4
2.636426E+2	9.958548E+2	4.857599E+4
2.634307E+2	9.954094E+2	4.875142E+4
2.633743E+2	9.948983E+2	4.889304E+4
2.634156E+2	9.944500E+2	4.905392E+4
2.633263E+2	9.939554E+2	4.922394E+4
2.632760E+2	9.934939E+2	4.936770E+4
2.632874E+2	9.930392E+2	4.952318E+4
2.633233E+2	9.925069E+2	4.969065E+4
2.633061E+2	9.920411E+2	4.986403E+4
2.631540E+2	9.915733E+2	5.000882E+4
2.631365E+2	9.910788E+2	5.017026E+4
2.630655E+2	9.906176E+2	5.033537E+4
2.628443E+2	9.901547E+2	5.048233E+4
2.628019E+2	9.896530E+2	5.064992E+4
2.628295E+2	9.892063E+2	5.078987E+4
2.626547E+2	9.886835E+2	5.096726E+4
2.627010E+2	9.882369E+2	5.112587E+4
2.625737E+2	9.878167E+2	5.127835E+4
2.627662E+2	9.873516E+2	5.143490E+4
2.625944E+2	9.868444E+2	5.159154E+4
2.625795E+2	9.864230E+2	5.175359E+4
2.626966E+2	9.860057E+2	5.189799E+4
2.625891E+2	9.854379E+2	5.208065E+4
2.625718E+2	9.849437E+2	5.223539E+4
2.622216E+2	9.845572E+2	5.237740E+4
2.624646E+2	9.841178E+2	5.256143E+4
2.623563E+2	9.836736E+2	5.270903E+4
2.621686E+2	9.831994E+2	5.285967E+4
2.621234E+2	9.827313E+2	5.301904E+4
2.622245E+2	9.822898E+2	5.319061E+4
2.621732E+2	9.817923E+2	5.335413E+4
2.619360E+2	9.813340E+2	5.350008E+4
2.621469E+2	9.808584E+2	5.366278E+4
2.620401E+2	9.804337E+2	5.382533E+4
2.617995E+2	9.799916E+2	5.399446E+4
2.617820E+2	9.795164E+2	5.415522E+4
2.617524E+2	9.790958E+2	5.430460E+4
2.615718E+2	9.786119E+2	5.446184E+4
2.618059E+2	9.781266E+2	5.464178E+4
2.615475E+2	9.777344E+2	5.478927E+4
2.614973E+2	9.772605E+2	5.493909E+4
2.615010E+2	9.768355E+2	5.510412E+4
2.615551E+2	9.764090E+2	5.525841E+4
2.615771E+2	9.759332E+2	5.543026E+4
2.613117E+2	9.755296E+2	5.559652E+4
2.612747E+2	9.751483E+2	5.573569E+4
2.612571E+2	9.745753E+2	5.591670E+4
2.611244E+2	9.742404E+2	5.605709E+4
2.611823E+2	9.737338E+2	5.621345E+4
2.612182E+2	9.733235E+2	5.636823E+4
2.611081E+2	9.728740E+2	5.653501E+4
2.610029E+2	9.724191E+2	5.669135E+4
2.609962E+2	9.720144E+2	5.686660E+4
2.607935E+2	9.715640E+2	5.702726E+4
2.607023E+2	9.711223E+2	5.718770E+4
2.608357E+2	9.707212E+2	5.733230E+4
2.607908E+2	9.703031E+2	5.749300E+4
2.606393E+2	9.698247E+2	5.766694E+4
2.605951E+2	9.694223E+2	5.780827E+4
2.607436E+2	9.689507E+2	5.797952E+4
2.604134E+2	9.685321E+2	5.812733E+4
2.605026E+2	9.681705E+2	5.829942E+4
2.605235E+2	9.676836E+2	5.846575E+4
2.603288E+2	9.672590E+2	5.861116E+4
2.603280E+2	9.668672E+2	5.878137E+4
2.604239E+2	9.664066E+2	5.892843E+4
2.601450E+2	9.659652E+2	5.910372E+4
2.601958E+2	9.655689E+2	5.926925E+4
2.601400E+2	9.651041E+2	5.940525E+4
2.603273E+2	9.647157E+2	5.957446E+4
2.600916E+2	9.642468E+2	5.974365E+4
2.599402E+2	9.638871E+2	5.989405E+4
2.599988E+2	9.634386E+2	6.004018E+4
2.600304E+2	9.630551E+2	6.020671E+4
2.599786E+2	9.625679E+2	6.038099E+4
2.598498E+2	9.621886E+2	6.055612E+4
2.598701E+2	9.618091E+2	6.070916E+4
2.598393E+2	9.613141E+2	6.086436E+4
2.597304E+2	9.609541E+2	6.098930E+4
2.597571E+2	9.605404E+2	6.116473E+4
2.595876E+2	9.601159E+2	6.133211E+4
2.597171E+2	9.597856E+2	6.148065E+4
2.594213E+2	9.593290E+2	6.165648E+4
2.596219E+2	9.589140E+2	6.181098E+4
2.596809E+2	9.584149E+2	6.195889E+4
2.593747E+2	9.581183E+2	6.212110E+4
2.593092E+2	9.576916E+2	6.227801E+4
2.593280E+2	9.572751E+2	6.244152E+4
2.593759E+2	9.568935E+2	6.258837E+4
2.593500E+2	9.564410E+2	6.273737E+4
2.591272E+2	9.560699E+2	6.291713E+4
2.590486E+2	9.556647E+2	6.307588E+4
2.590665E+2	9.552157E+2	6.324315E+4
2.590446E+2	9.548188E+2	6.340340E+4
2.589166E+2	9.544551E+2	6.357630E+4
2.589219E+2	9.540642E+2	6.369508E+4
2.589433E+2	9.536135E+2	6.386172E+4
2.588484E+2	9.532556E+2	6.404021E+4
2.587463E+2	9.528060E+2	6.419690E+4
2.587003E+2	9.524356E+2	6.435358E+4
2.586066E+2	9.520760E+2	6.450508E+4
2.586740E+2	9.516878E+2	6.467603E+4
2.586987E+2	9.512923E+2	6.482229E+4
2.586381E+2	9.508629E+2	6.497205E+4
2.585320E+2	9.505023E+2	6.515391E+4
2.586506E+2	9.500547E+2	6.531165E+4
2.585698E+2	9.496412E+2	6.546885E+4
2.584633E+2	9.492238E+2	6.561147E+4
2.585089E+2	9.488932E+2	6.576435E+4
2.583386E+2	9.484429E+2	6.592849E+4
2.583187E+2	9.481326E+2	6.611760E+4
2.585770E+2	9.477654E+2	6.624429E+4
2.583949E+2	9.473383E+2	6.643528E+4
2.583080E+2	9.469549E+2	6.655480E+4
2.583645E+2	9.466180E+2	6.672346E+4
2.582842E+2	9.461721E+2	6.689737E+4
2.581020E+2	9.458119E+2	6.706760E+4
2.580402E+2	9.454102E+2	6.718580E+4
2.580983E+2	9.450354E+2	6.735318E+4
2.579101E+2	9.447070E+2	6.749960E+4
2.578727E+2	9.442699E+2	6.767426E+4
2.579711E+2	9.438789E+2	6.783919E+4
2.578710E+2	9.435749E+2	6.800148E+4
2.578013E+2	9.431886E+2	6.813650E+4
2.576180E+2	9.428049E+2	6.831662E+4
2.576864E+2	9.424280E+2	6.845984E+4
2.575590E+2	9.420549E+2	6.859719E+4
2.574657E+2	9.416723E+2	6.877265E+4
2.575965E+2	9.412998E+2	6.893143E+4
2.576035E+2	9.408855E+2	6.909881E+4
2.575488E+2	9.405262E+2	6.925107E+4
2.575145E+2	9.401504E+2	6.939653E+4
2.574862E+2	9.398121E+2	6.955153E+4
2.574359E+2	9.394246E+2	6.973019E+4
2.575316E+2	9.390954E+2	6.986353E+4
2.573648E+2	9.386320E+2	7.004015E+4
2.573127E+2	9.383126E+2	7.021452E+4
2.573127E+2	9.378671E+2	7.035215E+4
2.572525E+2	9.375475E+2	7.051207E+4
2.572164E+2	9.372498E+2	7.063518E+4
2.572777E+2	9.368802E+2	7.079940E+4
2.571379E+2	9.365248E+2	7.096746E+4
2.571339E+2	9.361194E+2	7.110834E+4
2.570983E+2	9.357548E+2	7.126375E+4
2.569674E+2	9.354392E+2	7.140919E+4
2.570400E+2	9.350687E+2	7.158592E+4
2.568521E+2	9.346951E+2	7.174371E+4
2.568595E+2	9.342987E+2	7.190940E+4
2.567944E+2	9.339306E+2	7.203133E+4
2.568976E+2	9.336096E+2	7.220058E+4
2.566930E+2	9.332461E+2	7.235999E+4
2.565555E+2	9.328797E+2	7.252527E+4
2.565147E+2	9.325030E+2	7.267198E+4
2.567498E+2	9.321972E+2	7.281422E+4
2.565984E+2	9.318476E+2	7.295601E+4
2.566555E+2	9.314560E+2	7.313163E+4
2.565533E+2	9.311084E+2	7.327421E+4
2.565808E+2	9.307467E+2	7.340488E+4
2.565097E+2	9.304521E+2	7.356517E+4
2.565235E+2	9.301303E+2	7.371061E+4
2.562766E+2	9.297096E+2	7.390551E+4
2.563817E+2	9.293525E+2	7.402474E+4
2.562998E+2	9.289559E+2	7.420078E+4
2.563489E+2	9.286541E+2	7.437470E+4
2.561352E+2	9.283071E+2	7.451817E+4
2.561524E+2	9.279652E+2	7.466575E+4
2.560884E+2	9.276562E+2	7.479961E+4
2.560088E+2	9.272979E+2	7.495007E+4
2.559128E+2	9.269687E+2	7.510919E+4
2.561605E+2	9.265851E+2	7.527332E+4
2.561236E+2	9.262395E+2	7.543349E+4
2.560755E+2	9.259090E+2	7.557206E+4
2.560079E+2	9.255711E+2	7.573518E+4
2.561019E+2	9.251878E+2	7.587565E+4
2.560030E+2	9.248956E+2	7.601627E+4
2.558537E+2	9.246091E+2	7.618527E+4
2.560015E+2	9.242596E+2	7.630269E+4
2.557895E+2	9.239161E+2	7.650492E+4
2.558647E+2	9.235241E+2	7.662080E+4
2.558301E+2	9.231584E+2	7.681157E+4
2.557876E+2	9.228902E+2	7.696341E+4
2.559135E+2	9.225622E+2	7.706295E+4
2.556529E+2	9.222749E+2	7.721469E+4
2.557563E+2	9.218570E+2	7.739046E+4
2.557580E+2	9.215879E+2	7.754097E+4
2.556838E+2	9.212407E+2	7.768100E+4
2.555095E+2	9.208922E+2	7.783945E+4
2.553789E+2	9.205592E+2	7.799805E+4
2.555544E+2	9.202414E+2	7.815209E+4
2.553939E+2	9.198971E+2	7.829717E+4
2.555514E+2	9.196278E+2	7.844884E+4
2.553960E+2	9.192570E+2	7.859947E+4
2.553921E+2	9.188975E+2	7.879616E+4
2.553600E+2	9.185740E+2	7.888894E+4
2.552746E+2	9.182592E+2	7.905160E+4
2.552357E+2	9.179013E+2	7.918313E+4
2.551530E+2	9.175956E+2	7.931347E+4
2.552153E+2	9.172375E+2	7.948707E+4
2.550772E+2	9.169491E+2	7.963875E+4
2.550993E+2	9.166525E+2	7.977748E+4
2.552222E+2	9.162931E+2	7.991632E+4
2.553212E+2	9.159562E+2	8.006924E+4
2.550289E+2	9.156503E+2	8.024341E+4
2.550442E+2	9.153410E+2	8.040871E+4
2.551017E+2	9.150669E+2	8.051714E+4
2.549427E+2	9.146956E+2	8.068293E+4
2.548738E+2	9.143774E+2	8.079877E+4
2.549333E+2	9.140092E+2	8.097909E+4
2.547516E+2	9.137847E+2	8.110423E+4
2.547008E+2	9.133987E+2	8.129077E+4
2.547251E+2	9.131458E+2	8.141523E+4
2.547997E+2	9.128420E+2	8.156996E+4
2.545322E+2	9.125203E+2	8.170748E+4
2.546241E+2	9.122496E+2	8.185215E+4
2.546483E+2	9.118827E+2	8.203218E+4
2.548073E+2	9.115986E+2	8.216119E+4
2.546242E+2	9.113139E+2	8.225745E+4
2.546236E+2	9.109906E+2	8.243620E+4
2.544981E+2	9.106875E+2	8.259552E+4
2.546202E+2	9.104164E+2	8.272889E+4
2.545196E+2	9.100031E+2	8.290371E+4
2.543902E+2	9.097536E+2	8.303122E+4
2.545152E+2	9.094536E+2	8.319168E+4
2.543380E+2	9.091304E+2	8.332177E+4
2.545027E+2	9.088329E+2	8.344334E+4
2.545493E+2	9.085528E+2	8.361804E+4
2.544863E+2	9.082434E+2	8.373634E+4
2.542919E+2	9.078677E+2	8.390553E+4
2.542973E+2	9.076404E+2	8.402453E+4
2.541385E+2	9.073176E+2	8.416372E+4
2.543901E+2	9.070514E+2	8.436602E+4
2.542144E+2	9.067451E+2	8.443916E+4
2.542910E+2	9.064868E+2	8.460606E+4
2.541870E+2	9.061661E+2	8.474168E+4
2.541252E+2	9.058657E+2	8.491284E+4
2.540791E+2	9.055872E+2	8.505946E+4
2.540683E+2	9.052750E+2	8.517510E+4
2.540221E+2	9.049375E+2	8.532440E+4
2.539109E+2	9.046759E+2	8.546659E+4
2.537968E+2	9.042969E+2	8.565368E+4
2.539804E+2	9.040786E+2	8.575801E+4
2.538990E+2	9.037935E+2	8.590388E+4
2.538463E+2	9.034379E+2	8.606546E+4
2.538501E+2	9.031712E+2	8.616139E+4
2.539255E+2	9.028598E+2	8.634051E+4
2.537204E+2	9.025725E+2	8.644877E+4
2.537167E+2	9.023372E+2	8.663065E+4
2.535782E+2	9.019626E+2	8.674709E+4
2.536857E+2	9.017519E+2	8.687756E+4
2.537403E+2	9.014948E+2	8.704258E+4
2.536375E+2	9.011356E+2	8.717351E+4
2.535208E+2	9.008701E+2	8.731993E+4
2.534811E+2	9.006132E+2	8.745610E+4
2.535415E+2	9.003188E+2	8.757260E+4
2.535627E+2	9.000553E+2	8.774819E+4
2.533649E+2	8.997051E+2	8.787455E+4
2.534884E+2	8.994590E+2	8.798559E+4
2.534183E+2	8.991437E+2	8.816759E+4
2.534504E+2	8.989106E+2	8.829404E+4
2.532842E+2	8.986500E+2	8.843068E+4
2.533497E+2	8.983469E+2	8.855673E+4
2.532049E+2	8.980612E+2	8.871621E+4
2.532735E+2	8.977601E+2	8.883465E+4
2.532672E+2	8.975230E+2	8.897767E+4
2.531733E+2	8.972452E+2	8.912018E+4
2.531876E+2	8.969533E+2	8.925596E+4
2.532428E+2	8.966690E+2	8.942539E+4
2.530903E+2	8.963861E+2	8.951499E+4
2.532459E+2	8.961474E+2	8.964261E+4
2.531716E+2	8.958901E+2	8.984615E+4
2.531577E+2	8.955674E+2	8.993235E+4
2.531432E+2	8.953063E+2	9.010057E+4
2.531782E+2	8.950231E+2	9.018170E+4
2.531152E+2	8.947584E+2	9.035779E+4
2.530176E+2	8.944841E+2	9.047248E+4
2.530843E+2	8.942170E+2	9.066734E+4
2.528477E+2	8.939880E+2	9.079680E+4
2.529598E+2	8.937080E+2	9.090047E+4
2.528560E+2	8.934199E+2	9.100602E+4
2.529004E+2	8.931639E+2	9.116602E+4
2.528734E+2	8.928643E+2	9.129275E+4
2.528455E+2	8.925835E+2	9.145292E+4
2.527890E+2	8.923993E+2	9.156528E+4
2.526932E+2	8.920938E+2	9.172346E+4
2.527393E+2	8.918004E+2	9.184955E+4
2.528471E+2	8.915643E+2	9.199545E+4
2.528525E+2	8.912681E+2	9.210948E+4
2.526729E+2	8.910161E+2	9.222147E+4
2.527543E+2	8.908013E+2	9.233913E+4
2.528231E+2	8.905394E+2	9.248630E+4
2.526466E+2	8.902649E+2	9.262160E+4
2.525694E+2	8.899294E+2	9.277699E+4
2.525909E+2	8.897301E+2	9.292353E+4
2.525962E+2	8.895008E+2	9.304229E+4
2.526019E+2	8.891767E+2	9.316553E+4
2.524458E+2	8.889044E+2	9.331037E+4
2.523860E+2	8.886658E+2	9.342634E+4
2.525786E+2	8.884541E+2	9.355958E+4
2.524768E+2	8.881554E+2	9.367935E+4
2.525349E+2	8.878567E+2	9.386836E+4
2.523490E+2	8.876371E+2	9.399524E+4
2.522793E+2	8.874027E+2	9.412953E+4
2.522396E+2	8.870893E+2	9.425006E+4
2.522015E+2	8.869082E+2	9.434054E+4
2.521521E+2	8.866135E+2	9.450620E+4
2.521428E+2	8.863583E+2	9.463907E+4
2.520239E+2	8.861374E+2	9.475465E+4
2.522357E+2	8.858443E+2	9.485733E+4
2.521893E+2	8.856073E+2	9.502223E+4
2.522169E+2	8.853564E+2	9.514063E+4
2.522995E+2	8.851216E+2	9.528941E+4
2.522261E+2	8.848895E+2	9.541030E+4
2.520426E+2	8.845854E+2	9.554238E+4
2.520410E+2	8.843530E+2	9.567880E+4
2.521765E+2	8.841235E+2	9.578226E+4
2.518656E+2	8.838859E+2	9.589764E+4
2.519899E+2	8.836416E+2	9.604532E+4
2.519032E+2	8.833709E+2	9.617244E+4
2.519157E+2	8.831175E+2	9.629504E+4
2.519524E+2	8.829013E+2	9.644632E+4
2.518914E+2	8.826101E+2	9.659795E+4
2.518858E+2	8.824373E+2	9.668844E+4
2.520459E+2	8.821973E+2	9.681849E+4
2.518026E+2	8.819484E+2	9.697390E+4
2.518601E+2	8.817186E+2	9.710650E+4
2.518436E+2	8.814397E+2	9.723921E+4
2.516837E+2	8.811995E+2	9.737338E+4
2.517394E+2	8.809219E+2	9.743889E+4
2.517550E+2	8.807368E+2	9.758998E+4
2.517296E+2	8.804182E+2	9.775771E+4
2.517381E+2	8.802671E+2	9.784582E+4
2.518068E+2	8.799843E+2	9.793709E+4
2.518342E+2	8.797376E+2	9.807964E+4
2.517959E+2	8.795487E+2	9.819546E+4
2.517055E+2	8.793221E+2	9.834286E+4
2.518562E+2	8.790831E+2	9.842907E+4
2.516937E+2	8.788071E+2	9.864044E+4
2.516651E+2	8.785639E+2	9.873134E+4
2.516945E+2	8.783221E+2	9.880717E+4
2.516257E+2	8.781677E+2	9.897433E+4
2.515483E+2	8.778777E+2	9.912765E+4
2.514038E+2	8.776938E+2	9.919956E+4
2.515435E+2	8.773573E+2	9.929083E+4
2.516467E+2	8.771788E+2	9.944757E+4
2.514739E+2	8.769470E+2	9.960656E+4
2.513578E+2	8.767480E+2	9.974370E+4
2.515735E+2	8.764969E+2	9.985246E+4
2.515758E+2	8.762417E+2	9.993677E+4
2.514343E+2	8.759985E+2	1.001026E+5
2.512822E+2	8.758186E+2	1.002193E+5
2.512626E+2	8.756315E+2	1.003146E+5
2.513778E+2	8.753759E+2	1.004421E+5
2.512895E+2	8.751468E+2	1.006316E+5
2.514156E+2	8.749191E+2	1.007052E+5
2.512544E+2	8.746681E+2	1.008649E+5
2.512645E+2	8.744401E+2	1.009299E+5
2.511283E+2	8.741905E+2	1.011107E+5
2.512650E+2	8.739961E+2	1.012148E+5
2.511748E+2	8.737964E+2	1.013355E+5
2.510576E+2	8.735953E+2	1.014210E+5
2.511465E+2	8.733466E+2	1.015811E+5
2.510587E+2	8.731278E+2	1.016924E+5
2.509771E+2	8.729118E+2	1.018195E+5
2.509995E+2	8.726800E+2	1.019037E+5
2.510231E+2	8.724718E+2	1.020652E+5
2.508435E+2	8.721998E+2	1.021505E+5
2.508531E+2	8.720254E+2	1.022938E+5
2.509600E+2	8.717990E+2	1.024180E+5
2.509345E+2	8.716102E+2	1.025316E+5
2.508680E+2	8.713106E+2	1.026353E+5
2.508993E+2	8.710830E+2	1.027583E+5
2.507516E+2	8.709366E+2	1.028433E+5
2.509379E+2	8.707775E+2	1.029248E+5
2.508981E+2	8.704882E+2	1.030933E+5
2.508178E+2	8.702866E+2	1.032566E+5
2.510444E+2	8.700674E+2	1.032902E+5
2.508410E+2	8.698871E+2	1.034286E+5
2.508522E+2	8.696033E+2	1.035171E+5
2.507950E+2	8.694665E+2	1.036450E+5
2.508722E+2	8.692466E+2	1.037979E+5
2.507354E+2	8.690256E+2	1.038551E+5
2.506289E+2	8.688108E+2	1.039976E+5
2.507873E+2	8.685853E+2	1.041227E+5
2.506725E+2	8.684085E+2	1.042154E+5
2.506130E+2	8.682045E+2	1.043733E+5
2.507883E+2	8.680032E+2	1.043994E+5
2.507083E+2	8.678111E+2	1.044845E+5
2.505682E+2	8.675757E+2	1.047268E+5
2.504985E+2	8.673757E+2	1.047346E+5
2.504560E+2	8.671778E+2	1.048701E+5
2.505944E+2	8.669451E+2	1.049286E+5
2.505682E+2	8.667151E+2	1.050185E+5
2.506544E+2	8.664999E+2	1.051249E+5
2.505829E+2	8.663558E+2	1.052102E+5
2.505555E+2	8.661801E+2	1.053586E+5
2.506034E+2	8.659207E+2	1.053899E+5
2.505864E+2	8.656860E+2	1.054807E+5
2.505720E+2	8.655583E+2	1.055851E+5
2.506034E+2	8.653637E+2	1.056704E+5
2.506249E+2	8.651441E+2	1.057967E+5
2.505662E+2	8.649369E+2	1.057906E+5
2.506249E+2	8.647472E+2	1.059198E+5
2.505809E+2	8.645533E+2	1.059826E+5
2.505424E+2	8.643625E+2	1.060691E+5
2.505224E+2	8.641499E+2	1.061856E+5
2.504878E+2	8.639845E+2	1.062593E+5
2.505913E+2	8.637835E+2	1.063058E+5
2.505367E+2	8.636075E+2	1.063703E+5
2.507112E+2	8.634054E+2	1.064420E+5
2.505597E+2	8.631962E+2	1.064902E+5
2.504625E+2	8.630664E+2	1.066688E+5
2.504450E+2	8.628531E+2	1.066516E+5
2.505571E+2	8.626350E+2	1.067731E+5
2.505163E+2	8.624435E+2	1.068177E+5
2.508236E+2	8.623153E+2	1.068591E+5
2.506295E+2	8.620667E+2	1.069578E+5
2.503639E+2	8.619325E+2	1.069658E+5
2.504391E+2	8.617540E+2	1.070982E+5
2.505736E+2	8.615778E+2	1.071315E+5
2.505165E+2	8.613460E+2	1.072094E+5
2.506071E+2	8.611716E+2	1.072276E+5
2.505397E+2	8.609739E+2	1.073547E+5
2.504070E+2	8.608194E+2	1.073575E+5
2.505207E+2	8.606748E+2	1.074158E+5
2.506207E+2	8.604325E+2	1.074455E+5
2.505193E+2	8.603091E+2	1.075431E+5
2.504334E+2	8.601113E+2	1.076201E+5
2.505762E+2	8.599522E+2	1.076975E+5
2.504353E+2	8.597977E+2	1.077311E+5
2.504559E+2	8.595747E+2	1.077502E+5
2.504893E+2	8.593815E+2	1.078160E+5
2.504502E+2	8.592522E+2	1.078958E+5
2.505439E+2	8.590275E+2	1.079632E+5
2.502714E+2	8.589198E+2	1.080460E+5
2.503674E+2	8.586656E+2	1.080796E+5
2.504388E+2	8.585534E+2	1.080463E+5
2.505279E+2	8.583950E+2	1.081624E+5
2.504838E+2	8.581791E+2	1.081981E+5
2.504328E+2	8.579836E+2	1.082289E+5
2.504051E+2	8.578603E+2	1.083037E+5
2.504045E+2	8.576944E+2	1.083828E+5
2.504448E+2	8.574815E+2	1.083857E+5
2.505493E+2	8.573912E+2	1.084739E+5
2.505434E+2	8.571412E+2	1.085389E+5
2.505017E+2	8.570684E+2	1.085247E+5
2.504151E+2	8.568944E+2	1.085815E+5
2.504682E+2	8.566920E+2	1.086396E+5
2.504733E+2	8.565333E+2	1.086876E+5
2.503212E+2	8.563797E+2	1.087282E+5
2.503164E+2	8.562278E+2	1.088225E+5
2.505075E+2	8.560625E+2	1.088282E+5
2.503195E+2	8.558880E+2	1.088195E+5
2.503937E+2	8.557151E+2	1.089250E+5
2.503524E+2	8.555869E+2	1.089440E+5
2.501718E+2	8.553937E+2	1.090599E+5
2.503591E+2	8.552733E+2	1.090561E+5
2.503998E+2	8.551099E+2	1.091078E+5
2.501735E+2	8.549619E+2	1.091657E+5
2.502667E+2	8.547812E+2	1.092376E+5
2.503187E+2	8.546592E+2	1.092858E+5
2.504830E+2	8.544952E+2	1.093009E+5
2.503301E+2	8.543027E+2	1.093254E+5
2.503396E+2	8.541710E+2	1.093842E+5
2.503959E+2	8.540022E+2	1.094289E+5
2.504851E+2	8.538473E+2	1.094777E+5
2.506341E+2	8.537161E+2	1.095122E+5
2.505278E+2	8.535498E+2	1.095092E+5
2.504083E+2	8.534182E+2	1.095808E+5
2.503236E+2	8.532612E+2	1.096521E+5
2.504026E+2	8.531320E+2	1.096287E+5
2.502614E+2	8.529349E+2	1.097208E+5
2.503908E+2	8.527924E+2	1.097481E+5
2.503106E+2	8.526605E+2	1.097896E+5
2.503552E+2	8.525011E+2	1.098794E+5
2.503796E+2	8.523616E+2	1.098798E+5
2.503991E+2	8.522486E+2	1.099184E+5
2.504942E+2	8.520973E+2	1.099902E+5
2.504091E+2	8.519263E+2	1.100097E+5
2.503745E+2	8.517572E+2	1.100736E+5
2.501744E+2	8.516452E+2	1.100874E+5
2.503549E+2	8.515125E+2	1.101028E+5
2.502486E+2	8.513758E+2	1.101230E+5
2.503003E+2	8.512091E+2	1.102584E+5
2.503059E+2	8.510836E+2	1.102667E+5
2.501079E+2	8.509381E+2	1.103485E+5
2.503187E+2	8.507748E+2	1.103052E+5
2.503196E+2	8.506269E+2	1.104276E+5
2.501724E+2	8.504721E+2	1.104755E+5
2.503288E+2	8.504176E+2	1.104671E+5
2.503487E+2	8.502026E+2	1.104967E+5
2.503422E+2	8.500990E+2	1.105629E+5
2.503584E+2	8.499672E+2	1.105551E+5
2.503434E+2	8.498474E+2	1.106532E+5
2.503725E+2	8.496610E+2	1.106737E+5
2.502598E+2	8.495055E+2	1.107323E+5
2.502292E+2	8.494170E+2	1.107659E+5
2.503910E+2	8.492669E+2	1.107975E+5
2.501273E+2	8.490895E+2	1.108591E+5
2.502354E+2	8.490113E+2	1.108423E+5
2.501641E+2	8.488892E+2	1.109307E+5
2.501548E+2	8.487183E+2	1.109838E+5
2.502741E+2	8.486146E+2	1.110352E+5
2.501942E+2	8.484533E+2	1.109995E+5
2.501122E+2	8.482911E+2	1.110559E+5
2.501059E+2	8.482330E+2	1.110847E+5
2.502781E+2	8.480382E+2	1.111393E+5
2.502196E+2	8.479366E+2	1.111457E+5
2.501361E+2	8.478160E+2	1.112211E+5
2.501974E+2	8.477127E+2	1.112545E+5
2.500801E+2	8.475610E+2	1.113074E+5
2.501582E+2	8.473990E+2	1.113296E+5
2.502236E+2	8.472720E+2	1.113766E+5
2.502566E+2	8.471732E+2	1.114368E+5
2.500658E+2	8.470017E+2	1.114599E+5
2.500030E+2	8.468838E+2	1.115212E+5
2.502566E+2	8.467957E+2	1.115605E+5
2.502184E+2	8.466484E+2	1.116255E+5
2.500997E+2	8.465494E+2	1.116007E+5
2.501399E+2	8.463738E+2	1.116374E+5
2.500576E+2	8.462585E+2	1.116935E+5
2.502405E+2	8.461314E+2	1.117535E+5
2.501631E+2	8.460440E+2	1.117544E+5
2.500897E+2	8.458818E+2	1.118009E+5
2.501811E+2	8.457652E+2	1.118465E+5
2.501419E+2	8.456112E+2	1.118336E+5
2.501816E+2	8.455044E+2	1.118963E+5
2.501509E+2	8.453929E+2	1.119676E+5
2.500918E+2	8.452089E+2	1.119745E+5
2.501807E+2	8.451614E+2	1.119906E+5
2.503755E+2	8.450210E+2	1.119909E+5
2.502816E+2	8.448965E+2	1.120803E+5
2.502635E+2	8.447794E+2	1.121064E+5
2.501007E+2	8.446289E+2	1.121736E+5
2.502087E+2	8.445571E+2	1.121529E+5
2.500726E+2	8.444483E+2	1.122061E+5
2.501603E+2	8.442780E+2	1.122550E+5
2.500687E+2	8.441667E+2	1.122309E+5
2.500348E+2	8.440600E+2	1.123424E+5
2.502252E+2	8.439209E+2	1.123134E+5
2.501083E+2	8.438741E+2	1.123777E+5
2.501186E+2	8.436803E+2	1.124244E+5
2.502436E+2	8.435664E+2	1.124682E+5
2.501557E+2	8.434366E+2	1.124126E+5
2.501539E+2	8.433410E+2	1.125803E+5
2.501312E+2	8.432190E+2	1.124994E+5
2.501299E+2	8.430904E+2	1.125793E+5
2.501417E+2	8.430284E+2	1.126230E+5
2.502034E+2	8.429024E+2	1.126336E+5
2.500430E+2	8.428003E+2	1.126491E+5
2.499443E+2	8.426929E+2	1.127448E+5
2.500495E+2	8.425756E+2	1.127163E+5
2.500315E+2	8.424881E+2	1.127698E+5
2.501964E+2	8.423620E+2	1.127790E+5
2.501213E+2	8.421872E+2	1.128866E+5
2.501703E+2	8.421363E+2	1.128377E+5
2.500547E+2	8.420155E+2	1.129018E+5
2.501436E+2	8.419115E+2	1.128523E+5
