2,514218E+2	8,238216E+2	1,088157E+5
2,514442E+2	8,237643E+2	1,088253E+5
2,514028E+2	8,236868E+2	1,088432E+5
2,514332E+2	8,236447E+2	1,088231E+5
2,514041E+2	8,235827E+2	1,087784E+5
2,515125E+2	8,235695E+2	1,087533E+5
2,515152E+2	8,235108E+2	1,087798E+5
2,514970E+2	8,235078E+2	1,087722E+5
2,516819E+2	8,234533E+2	1,086917E+5
2,516205E+2	8,234190E+2	1,086355E+5
2,517396E+2	8,233789E+2	1,085565E+5
2,516045E+2	8,233363E+2	1,084907E+5
2,519293E+2	8,233756E+2	1,084132E+5
2,517465E+2	8,232912E+2	1,082970E+5
2,518757E+2	8,232407E+2	1,082165E+5
2,519828E+2	8,232247E+2	1,081104E+5
2,521863E+2	8,232003E+2	1,079751E+5
2,521365E+2	8,232243E+2	1,078625E+5
2,520642E+2	8,231627E+2	1,077549E+5
2,520980E+2	8,231805E+2	1,075993E+5
2,522428E+2	8,231677E+2	1,075058E+5
2,526099E+2	8,231580E+2	1,072958E+5
2,525934E+2	8,231498E+2	1,071489E+5
2,524780E+2	8,231785E+2	1,070122E+5
2,524666E+2	8,231353E+2	1,068427E+5
2,526125E+2	8,231323E+2	1,066723E+5
2,526971E+2	8,231375E+2	1,064698E+5
2,527496E+2	8,231204E+2	1,063216E+5
2,528266E+2	8,231550E+2	1,060786E+5
2,527865E+2	8,231412E+2	1,058951E+5
2,530172E+2	8,232010E+2	1,056240E+5
2,529511E+2	8,231792E+2	1,054716E+5
2,530657E+2	8,231479E+2	1,053106E+5
2,531922E+2	8,232690E+2	1,050222E+5
2,532684E+2	8,232165E+2	1,047741E+5
2,532502E+2	8,232722E+2	1,045467E+5
2,534517E+2	8,233091E+2	1,043347E+5
2,535361E+2	8,233296E+2	1,041528E+5
2,535887E+2	8,233359E+2	1,038272E+5
2,535933E+2	8,233361E+2	1,035931E+5
2,537653E+2	8,234093E+2	1,033493E+5
2,537968E+2	8,234169E+2	1,030992E+5
2,540458E+2	8,234538E+2	1,028497E+5
2,539749E+2	8,234968E+2	1,025505E+5
2,539601E+2	8,235389E+2	1,022870E+5
2,540538E+2	8,235628E+2	1,019843E+5
2,541600E+2	8,236233E+2	1,016843E+5
2,543304E+2	8,236708E+2	1,014008E+5
2,543951E+2	8,237151E+2	1,011054E+5
2,545237E+2	8,237739E+2	1,007763E+5
2,547148E+2	8,238231E+2	1,003945E+5
2,548271E+2	8,239179E+2	1,001371E+5
2,548989E+2	8,239281E+2	9,976000E+4
2,550662E+2	8,240331E+2	9,936925E+4
2,552347E+2	8,241042E+2	9,900738E+4
2,552722E+2	8,242122E+2	9,860887E+4
2,555077E+2	8,242230E+2	9,826926E+4
2,555956E+2	8,243521E+2	9,783539E+4
2,557482E+2	8,244498E+2	9,745610E+4
2,560364E+2	8,245401E+2	9,703716E+4
2,559343E+2	8,246117E+2	9,662690E+4
2,560635E+2	8,246820E+2	9,620508E+4
2,563734E+2	8,248154E+2	9,578755E+4
2,564532E+2	8,249354E+2	9,534951E+4
2,564104E+2	8,251028E+2	9,487898E+4
2,565787E+2	8,251667E+2	9,445355E+4
2,566681E+2	8,253002E+2	9,395666E+4
2,568995E+2	8,254464E+2	9,352033E+4
2,573130E+2	8,256066E+2	9,299198E+4
2,572242E+2	8,256912E+2	9,254444E+4
2,573731E+2	8,258112E+2	9,208620E+4
2,575128E+2	8,259636E+2	9,161975E+4
2,576145E+2	8,261301E+2	9,108572E+4
2,579230E+2	8,262572E+2	9,062369E+4
2,579671E+2	8,264342E+2	9,014068E+4
2,581656E+2	8,265612E+2	8,963544E+4
2,582867E+2	8,267042E+2	8,911373E+4
2,584359E+2	8,269068E+2	8,860162E+4
2,585790E+2	8,270341E+2	8,812983E+4
2,588499E+2	8,271832E+2	8,763706E+4
2,588332E+2	8,274012E+2	8,712598E+4
2,591577E+2	8,276003E+2	8,655522E+4
2,592851E+2	8,277649E+2	8,608693E+4
2,595452E+2	8,280175E+2	8,551422E+4
2,596664E+2	8,281130E+2	8,496826E+4
2,597374E+2	8,283591E+2	8,449092E+4
2,598166E+2	8,285454E+2	8,396655E+4
2,600194E+2	8,287756E+2	8,343039E+4
2,601531E+2	8,289548E+2	8,292129E+4
2,603666E+2	8,291956E+2	8,238350E+4
2,606761E+2	8,293507E+2	8,183998E+4
2,607818E+2	8,295455E+2	8,131647E+4
2,609356E+2	8,298231E+2	8,078452E+4
2,611926E+2	8,300125E+2	8,026983E+4
2,612124E+2	8,302431E+2	7,976417E+4
2,611994E+2	8,304927E+2	7,922931E+4
2,616038E+2	8,307281E+2	7,868172E+4
2,617535E+2	8,309528E+2	7,817496E+4
2,619154E+2	8,312252E+2	7,766960E+4
2,620899E+2	8,314227E+2	7,712072E+4
2,622638E+2	8,317356E+2	7,660128E+4
2,623475E+2	8,319771E+2	7,607262E+4
2,624691E+2	8,322136E+2	7,555818E+4
2,627157E+2	8,324946E+2	7,504393E+4
2,629536E+2	8,327383E+2	7,456254E+4
2,633646E+2	8,329883E+2	7,405482E+4
2,633907E+2	8,332918E+2	7,351948E+4
2,634363E+2	8,335339E+2	7,302222E+4
2,636176E+2	8,337807E+2	7,252913E+4
2,637852E+2	8,341356E+2	7,198841E+4
2,640512E+2	8,343926E+2	7,147242E+4
2,639182E+2	8,346787E+2	7,101943E+4
2,640906E+2	8,349900E+2	7,050993E+4
2,642768E+2	8,352617E+2	6,998331E+4
2,644802E+2	8,355616E+2	6,950994E+4
2,648058E+2	8,358778E+2	6,900438E+4
2,648907E+2	8,361640E+2	6,850514E+4
2,652298E+2	8,364866E+2	6,802321E+4
2,650785E+2	8,367422E+2	6,754446E+4
2,652452E+2	8,370996E+2	6,707159E+4
2,657229E+2	8,373920E+2	6,656793E+4
2,657734E+2	8,377600E+2	6,610990E+4
2,661045E+2	8,380632E+2	6,560462E+4
2,661881E+2	8,384152E+2	6,512566E+4
2,663915E+2	8,387177E+2	6,465998E+4
2,663585E+2	8,390849E+2	6,419700E+4
2,666261E+2	8,393988E+2	6,374003E+4
2,668469E+2	8,397551E+2	6,325412E+4
2,668366E+2	8,400980E+2	6,280661E+4
2,670861E+2	8,404680E+2	6,233611E+4
2,673673E+2	8,407951E+2	6,190386E+4
2,674490E+2	8,411929E+2	6,146219E+4
2,676339E+2	8,415115E+2	6,102261E+4
2,676914E+2	8,418948E+2	6,054969E+4
2,679189E+2	8,422427E+2	6,011901E+4
2,680543E+2	8,426312E+2	5,968160E+4
2,682264E+2	8,429450E+2	5,927014E+4
2,685380E+2	8,433479E+2	5,885254E+4
2,686181E+2	8,437513E+2	5,839445E+4
2,686365E+2	8,441314E+2	5,797340E+4
2,688038E+2	8,445210E+2	5,754440E+4
2,689399E+2	8,449352E+2	5,712046E+4
2,692798E+2	8,452845E+2	5,672730E+4
2,697302E+2	8,457112E+2	5,629947E+4
2,696703E+2	8,461062E+2	5,590376E+4
2,697225E+2	8,465171E+2	5,549557E+4
2,699202E+2	8,469312E+2	5,507756E+4
2,701464E+2	8,473494E+2	5,467461E+4
2,701344E+2	8,477147E+2	5,427994E+4
2,706011E+2	8,480919E+2	5,389851E+4
2,707976E+2	8,485565E+2	5,349967E+4
2,708507E+2	8,489622E+2	5,309353E+4
2,710046E+2	8,494215E+2	5,272454E+4
2,711564E+2	8,498154E+2	5,235532E+4
2,712665E+2	8,502729E+2	5,196336E+4
2,713130E+2	8,506854E+2	5,159443E+4
2,714193E+2	8,511263E+2	5,122310E+4
2,714839E+2	8,516094E+2	5,085358E+4
2,718084E+2	8,520069E+2	5,048200E+4
2,719658E+2	8,524396E+2	5,012408E+4
2,722187E+2	8,529173E+2	4,975858E+4
2,724485E+2	8,533426E+2	4,940647E+4
2,726146E+2	8,537926E+2	4,903951E+4
2,728532E+2	8,542112E+2	4,870544E+4
2,729991E+2	8,546797E+2	4,834646E+4
2,728928E+2	8,551970E+2	4,800649E+4
2,732088E+2	8,556493E+2	4,766281E+4
2,732548E+2	8,561067E+2	4,732983E+4
2,734392E+2	8,565608E+2	4,699535E+4
2,736583E+2	8,569934E+2	4,665848E+4
2,737901E+2	8,575649E+2	4,632173E+4
2,739908E+2	8,579389E+2	4,600358E+4
2,741611E+2	8,584630E+2	4,568272E+4
2,743727E+2	8,589499E+2	4,534066E+4
2,744448E+2	8,594271E+2	4,503502E+4
2,745956E+2	8,599286E+2	4,470983E+4
2,745644E+2	8,604451E+2	4,439093E+4
2,748844E+2	8,609397E+2	4,409472E+4
2,749737E+2	8,615010E+2	4,377977E+4
2,751038E+2	8,619503E+2	4,347167E+4
2,750686E+2	8,624165E+2	4,316861E+4
2,753020E+2	8,629541E+2	4,287132E+4
2,755707E+2	8,634578E+2	4,256532E+4
2,757037E+2	8,639206E+2	4,227327E+4
2,759044E+2	8,644824E+2	4,198501E+4
2,760177E+2	8,649842E+2	4,168951E+4
2,761543E+2	8,654855E+2	4,139939E+4
2,764726E+2	8,660426E+2	4,111744E+4
2,764261E+2	8,665585E+2	4,081957E+4
2,765941E+2	8,670714E+2	4,054275E+4
2,766546E+2	8,676271E+2	4,026704E+4
2,769178E+2	8,681167E+2	4,000452E+4
2,769571E+2	8,685967E+2	3,973067E+4
2,771394E+2	8,691916E+2	3,945570E+4
2,773231E+2	8,697087E+2	3,918164E+4
2,773253E+2	8,702253E+2	3,891950E+4
2,776384E+2	8,707800E+2	3,864861E+4
2,778794E+2	8,712744E+2	3,839873E+4
2,780409E+2	8,717981E+2	3,813774E+4
2,780860E+2	8,723525E+2	3,787980E+4
2,782972E+2	8,729175E+2	3,762665E+4
2,782313E+2	8,734590E+2	3,737412E+4
2,785859E+2	8,739914E+2	3,712387E+4
2,786500E+2	8,745188E+2	3,687037E+4
2,786664E+2	8,751235E+2	3,663047E+4
2,788919E+2	8,755787E+2	3,639247E+4
2,790651E+2	8,761646E+2	3,614091E+4
2,794235E+2	8,767393E+2	3,591267E+4
2,794738E+2	8,772685E+2	3,568476E+4
2,796514E+2	8,778280E+2	3,545206E+4
2,796137E+2	8,783285E+2	3,520603E+4
2,798753E+2	8,789476E+2	3,498675E+4
2,800043E+2	8,794870E+2	3,475406E+4
2,799937E+2	8,800589E+2	3,453077E+4
2,802129E+2	8,806336E+2	3,430358E+4
2,804656E+2	8,811763E+2	3,407592E+4
2,806825E+2	8,816908E+2	3,386752E+4
2,806501E+2	8,822727E+2	3,365169E+4
2,809818E+2	8,829105E+2	3,342010E+4
2,810702E+2	8,834492E+2	3,320788E+4
2,810734E+2	8,839852E+2	3,299337E+4
2,811766E+2	8,845515E+2	3,278005E+4
2,812713E+2	8,851191E+2	3,257028E+4
2,815464E+2	8,857205E+2	3,236460E+4
2,814822E+2	8,862622E+2	3,215982E+4
2,819850E+2	8,869006E+2	3,196072E+4
2,819600E+2	8,874120E+2	3,175442E+4
2,819508E+2	8,880530E+2	3,155426E+4
2,822066E+2	8,886169E+2	3,135311E+4
2,823200E+2	8,892036E+2	3,116220E+4
2,823889E+2	8,897935E+2	3,096216E+4
2,826662E+2	8,903568E+2	3,077277E+4
2,826788E+2	8,909195E+2	3,058197E+4
2,829161E+2	8,915350E+2	3,040011E+4
2,829827E+2	8,920998E+2	3,021144E+4
2,830860E+2	8,926705E+2	3,001538E+4
2,832350E+2	8,932151E+2	2,983804E+4
2,835696E+2	8,938270E+2	2,965305E+4
2,834706E+2	8,944382E+2	2,947733E+4
2,836576E+2	8,949767E+2	2,929102E+4
2,836300E+2	8,955923E+2	2,911868E+4
2,840089E+2	8,962058E+2	2,893793E+4
2,838599E+2	8,967736E+2	2,876360E+4
2,843385E+2	8,973715E+2	2,858757E+4
2,843567E+2	8,979559E+2	2,841809E+4
2,843678E+2	8,985662E+2	2,824825E+4
2,846658E+2	8,990823E+2	2,807924E+4
2,846701E+2	8,997264E+2	2,791719E+4
2,847639E+2	9,002757E+2	2,774989E+4
2,850392E+2	9,009028E+2	2,758146E+4
2,851576E+2	9,014896E+2	2,741962E+4
2,851780E+2	9,020777E+2	2,725928E+4
2,853380E+2	9,026366E+2	2,710446E+4
2,856524E+2	9,032944E+2	2,694102E+4
2,857577E+2	9,038675E+2	2,678107E+4
2,858120E+2	9,044844E+2	2,662985E+4
2,857991E+2	9,050732E+2	2,646686E+4
2,860555E+2	9,056645E+2	2,631799E+4
2,859471E+2	9,062447E+2	2,616821E+4
2,860934E+2	9,068339E+2	2,601769E+4
2,863635E+2	9,074208E+2	2,586684E+4
2,864533E+2	9,080150E+2	2,572518E+4
2,864693E+2	9,086765E+2	2,557609E+4
2,867016E+2	9,091993E+2	2,543500E+4
2,867353E+2	9,098282E+2	2,528773E+4
2,870079E+2	9,104374E+2	2,514179E+4
2,869087E+2	9,110843E+2	2,500132E+4
2,872563E+2	9,116067E+2	2,485965E+4
2,872552E+2	9,122064E+2	2,472554E+4
2,873764E+2	9,128064E+2	2,458180E+4
2,873135E+2	9,134184E+2	2,444950E+4
2,876774E+2	9,140183E+2	2,431304E+4
2,878519E+2	9,146275E+2	2,417997E+4
2,877969E+2	9,152067E+2	2,404524E+4
2,880105E+2	9,157266E+2	2,391617E+4
2,881673E+2	9,163668E+2	2,378341E+4
2,882851E+2	9,169498E+2	2,364988E+4
2,886900E+2	9,175287E+2	2,352267E+4
2,884912E+2	9,181840E+2	2,339452E+4
2,887287E+2	9,188198E+2	2,326802E+4
2,888765E+2	9,194309E+2	2,313971E+4
2,888855E+2	9,199811E+2	2,301522E+4
2,890884E+2	9,206452E+2	2,289350E+4
2,890401E+2	9,212132E+2	2,276991E+4
2,891269E+2	9,218512E+2	2,264891E+4
2,892178E+2	9,224400E+2	2,252984E+4
2,894075E+2	9,229665E+2	2,241094E+4
2,895919E+2	9,236361E+2	2,228450E+4
2,893831E+2	9,241788E+2	2,217000E+4
2,895750E+2	9,247941E+2	2,205468E+4
2,898860E+2	9,254233E+2	2,193753E+4
2,899882E+2	9,260039E+2	2,182410E+4
2,899298E+2	9,265757E+2	2,170695E+4
2,900966E+2	9,271684E+2	2,159583E+4
2,901710E+2	9,277899E+2	2,148235E+4
2,903531E+2	9,284184E+2	2,137385E+4
2,906773E+2	9,289861E+2	2,125962E+4
2,906518E+2	9,295568E+2	2,115480E+4
2,907273E+2	9,301908E+2	2,104159E+4
2,907369E+2	9,307493E+2	2,093983E+4
2,911052E+2	9,313613E+2	2,082858E+4
2,907390E+2	9,319174E+2	2,072305E+4
2,909602E+2	9,324889E+2	2,061759E+4
2,913537E+2	9,331277E+2	2,051363E+4
2,914913E+2	9,337213E+2	2,040663E+4
2,913876E+2	9,343091E+2	2,030623E+4
2,914117E+2	9,349158E+2	2,020120E+4
2,917461E+2	9,355148E+2	2,009716E+4
2,917906E+2	9,361016E+2	2,000182E+4
2,920340E+2	9,367243E+2	1,989949E+4
2,921205E+2	9,372016E+2	1,980193E+4
2,922538E+2	9,378096E+2	1,970295E+4
2,924058E+2	9,384927E+2	1,960200E+4
2,925717E+2	9,390295E+2	1,950456E+4
2,926253E+2	9,396020E+2	1,940706E+4
2,926092E+2	9,402266E+2	1,931511E+4
2,927918E+2	9,407982E+2	1,921445E+4
2,928263E+2	9,414417E+2	1,912364E+4
2,928378E+2	9,420064E+2	1,902986E+4
2,931066E+2	9,425936E+2	1,893583E+4
2,933887E+2	9,432401E+2	1,884224E+4
2,934216E+2	9,437464E+2	1,874805E+4
2,935809E+2	9,443909E+2	1,866406E+4
2,933496E+2	9,449470E+2	1,857428E+4
2,936906E+2	9,455247E+2	1,848097E+4
2,936787E+2	9,460937E+2	1,839183E+4
2,938620E+2	9,467235E+2	1,830676E+4
2,938670E+2	9,473104E+2	1,821768E+4
2,940991E+2	9,478962E+2	1,813037E+4
2,942551E+2	9,483818E+2	1,804757E+4
2,943879E+2	9,490065E+2	1,796064E+4
2,944438E+2	9,496557E+2	1,787347E+4
2,943797E+2	9,501933E+2	1,778725E+4
2,947508E+2	9,508068E+2	1,770565E+4
2,946706E+2	9,513294E+2	1,762388E+4
2,948062E+2	9,519278E+2	1,754057E+4
2,948792E+2	9,525391E+2	1,746075E+4
2,951226E+2	9,531172E+2	1,737928E+4
2,950520E+2	9,536519E+2	1,729543E+4
2,952274E+2	9,542713E+2	1,721620E+4
2,953527E+2	9,548218E+2	1,713668E+4
2,955229E+2	9,553473E+2	1,706250E+4
2,955879E+2	9,559037E+2	1,698147E+4
2,956352E+2	9,565173E+2	1,690417E+4
2,956352E+2	9,570835E+2	1,682482E+4
2,957270E+2	9,577036E+2	1,674723E+4
2,959590E+2	9,582169E+2	1,667333E+4
2,960804E+2	9,588128E+2	1,659051E+4
2,962700E+2	9,593579E+2	1,651738E+4
2,962792E+2	9,598939E+2	1,644142E+4
2,962419E+2	9,604386E+2	1,636832E+4
2,963617E+2	9,610313E+2	1,629670E+4
2,966301E+2	9,616454E+2	1,622205E+4
2,965644E+2	9,621826E+2	1,615008E+4
2,967783E+2	9,626935E+2	1,607669E+4
2,967509E+2	9,632553E+2	1,600810E+4
2,966878E+2	9,638730E+2	1,593558E+4
2,970973E+2	9,644200E+2	1,586273E+4
2,971373E+2	9,649389E+2	1,579289E+4
2,973874E+2	9,655331E+2	1,572139E+4
2,974993E+2	9,660995E+2	1,565424E+4
2,973012E+2	9,666095E+2	1,558850E+4
2,975560E+2	9,671798E+2	1,551716E+4
2,976076E+2	9,677480E+2	1,544909E+4
2,977123E+2	9,682892E+2	1,538075E+4
2,976831E+2	9,688213E+2	1,531440E+4
2,979975E+2	9,694050E+2	1,524859E+4
2,978071E+2	9,699202E+2	1,518171E+4
2,980678E+2	9,704544E+2	1,511249E+4
2,981097E+2	9,709881E+2	1,505045E+4
2,983897E+2	9,715599E+2	1,498544E+4
2,985691E+2	9,721263E+2	1,491791E+4
2,985701E+2	9,726271E+2	1,485570E+4
2,986720E+2	9,731865E+2	1,479025E+4
2,985722E+2	9,737555E+2	1,473053E+4
2,988433E+2	9,742353E+2	1,466354E+4
2,988174E+2	9,748182E+2	1,460444E+4
2,990204E+2	9,753550E+2	1,454178E+4
2,989500E+2	9,759031E+2	1,447521E+4
2,991910E+2	9,764496E+2	1,441596E+4
2,990919E+2	9,770300E+2	1,435451E+4
2,991296E+2	9,775185E+2	1,429570E+4
2,994456E+2	9,780659E+2	1,423733E+4
2,995307E+2	9,786071E+2	1,417609E+4
2,995665E+2	9,791159E+2	1,411481E+4
2,996045E+2	9,796933E+2	1,405296E+4
2,996487E+2	9,801869E+2	1,399742E+4
3,000261E+2	9,807402E+2	1,393859E+4
2,998695E+2	9,812922E+2	1,387958E+4
3,002188E+2	9,818428E+2	1,382268E+4
3,001196E+2	9,823704E+2	1,376691E+4
3,003254E+2	9,828552E+2	1,370801E+4
3,004241E+2	9,834447E+2	1,365252E+4
3,004761E+2	9,839389E+2	1,359908E+4
3,006525E+2	9,845119E+2	1,354212E+4
3,005751E+2	9,850151E+2	1,348661E+4
3,007976E+2	9,855526E+2	1,343261E+4
3,006447E+2	9,861084E+2	1,337624E+4
3,009421E+2	9,865804E+2	1,332328E+4
3,009467E+2	9,871216E+2	1,326782E+4
3,011810E+2	9,876754E+2	1,321356E+4
3,015460E+2	9,881763E+2	1,315873E+4
3,013132E+2	9,886858E+2	1,310768E+4
3,012507E+2	9,892507E+2	1,305555E+4
3,014647E+2	9,898065E+2	1,300231E+4
3,016318E+2	9,902293E+2	1,294909E+4
3,016368E+2	9,907787E+2	1,289976E+4
3,017928E+2	9,912946E+2	1,284522E+4
3,020705E+2	9,918260E+2	1,279437E+4
3,019444E+2	9,923347E+2	1,274274E+4
3,019635E+2	9,928512E+2	1,269148E+4
3,019620E+2	9,933633E+2	1,264386E+4
3,020262E+2	9,938813E+2	1,259178E+4
3,023715E+2	9,944172E+2	1,254248E+4
3,025474E+2	9,949224E+2	1,249427E+4
3,026003E+2	9,954712E+2	1,244416E+4
3,026517E+2	9,959673E+2	1,239795E+4
3,026583E+2	9,965390E+2	1,234867E+4
3,027854E+2	9,970274E+2	1,230138E+4
3,028103E+2	9,975183E+2	1,225065E+4
3,028973E+2	9,979667E+2	1,220322E+4
3,031436E+2	9,985175E+2	1,215754E+4
3,032561E+2	9,990229E+2	1,210766E+4
3,032485E+2	9,995405E+2	1,206366E+4
3,033274E+2	1,000057E+3	1,201696E+4
3,034925E+2	1,000565E+3	1,196949E+4
3,035702E+2	1,001044E+3	1,192548E+4
3,037165E+2	1,001524E+3	1,188100E+4
3,036756E+2	1,002068E+3	1,183444E+4
3,036324E+2	1,002569E+3	1,179050E+4
3,039013E+2	1,003118E+3	1,174607E+4
3,038904E+2	1,003517E+3	1,170257E+4
3,039666E+2	1,004074E+3	1,165696E+4
3,040637E+2	1,004568E+3	1,161375E+4
3,041812E+2	1,005055E+3	1,156884E+4
3,043189E+2	1,005573E+3	1,152571E+4
3,044149E+2	1,006076E+3	1,148278E+4
3,042587E+2	1,006605E+3	1,143834E+4
3,046152E+2	1,007115E+3	1,139651E+4
3,045545E+2	1,007607E+3	1,135406E+4
3,047088E+2	1,008074E+3	1,131115E+4
3,048012E+2	1,008632E+3	1,126928E+4
3,047733E+2	1,009130E+3	1,122714E+4
3,049144E+2	1,009611E+3	1,118374E+4
3,049749E+2	1,010158E+3	1,114418E+4
3,052274E+2	1,010555E+3	1,110062E+4
3,050851E+2	1,011155E+3	1,106207E+4
3,052946E+2	1,011634E+3	1,101983E+4
3,052823E+2	1,012116E+3	1,098087E+4
3,055652E+2	1,012622E+3	1,094073E+4
3,057325E+2	1,013024E+3	1,089794E+4
3,057770E+2	1,013617E+3	1,085855E+4
3,056439E+2	1,014081E+3	1,082044E+4
3,057922E+2	1,014590E+3	1,077817E+4
3,059534E+2	1,015117E+3	1,073906E+4
3,060984E+2	1,015504E+3	1,069963E+4
3,060066E+2	1,015977E+3	1,066199E+4
3,059592E+2	1,016488E+3	1,062367E+4
3,062487E+2	1,016970E+3	1,058304E+4
3,062149E+2	1,017414E+3	1,054789E+4
3,062676E+2	1,018012E+3	1,051074E+4
3,064368E+2	1,018426E+3	1,047044E+4
3,064614E+2	1,018964E+3	1,043307E+4
3,063609E+2	1,019381E+3	1,039867E+4
3,065272E+2	1,019896E+3	1,036038E+4
3,066807E+2	1,020428E+3	1,032266E+4
3,068039E+2	1,020892E+3	1,028505E+4
3,069801E+2	1,021392E+3	1,024831E+4
3,069638E+2	1,021819E+3	1,021263E+4
3,070506E+2	1,022282E+3	1,017770E+4
3,070765E+2	1,022774E+3	1,014189E+4
3,073346E+2	1,023215E+3	1,010530E+4
3,071199E+2	1,023777E+3	1,007023E+4
3,072073E+2	1,024266E+3	1,003514E+4
3,072997E+2	1,024730E+3	9,999548E+3
3,073888E+2	1,025133E+3	9,963752E+3
3,075145E+2	1,025716E+3	9,929284E+3
3,076194E+2	1,026114E+3	9,895794E+3
3,079105E+2	1,026616E+3	9,861907E+3
3,077652E+2	1,027150E+3	9,825752E+3
3,079979E+2	1,027572E+3	9,790788E+3
3,080908E+2	1,028084E+3	9,759591E+3
3,079738E+2	1,028549E+3	9,725978E+3
3,084094E+2	1,028965E+3	9,690686E+3
3,082016E+2	1,029487E+3	9,656735E+3
3,081929E+2	1,029921E+3	9,624788E+3
3,082993E+2	1,030419E+3	9,592799E+3
3,087304E+2	1,030852E+3	9,557830E+3
3,087086E+2	1,031330E+3	9,525276E+3
3,086834E+2	1,031804E+3	9,494214E+3
3,084917E+2	1,032273E+3	9,460820E+3
3,088099E+2	1,032708E+3	9,428452E+3
3,089467E+2	1,033153E+3	9,396290E+3
3,090102E+2	1,033691E+3	9,365694E+3
3,089414E+2	1,034120E+3	9,335283E+3
3,091439E+2	1,034595E+3	9,301839E+3
3,092728E+2	1,035088E+3	9,270201E+3
3,092584E+2	1,035465E+3	9,240320E+3
3,092497E+2	1,036011E+3	9,207327E+3
3,094704E+2	1,036463E+3	9,178785E+3
3,096121E+2	1,036915E+3	9,147586E+3
3,095852E+2	1,037352E+3	9,115937E+3
3,095079E+2	1,037800E+3	9,087724E+3
3,098305E+2	1,038261E+3	9,055297E+3
3,097551E+2	1,038740E+3	9,027683E+3
3,098226E+2	1,039204E+3	8,996706E+3
3,098461E+2	1,039650E+3	8,967348E+3
3,099862E+2	1,040131E+3	8,937430E+3
3,100694E+2	1,040589E+3	8,909790E+3
3,101062E+2	1,041041E+3	8,880221E+3
3,100906E+2	1,041534E+3	8,850337E+3
3,102331E+2	1,042022E+3	8,822582E+3
3,099809E+2	1,042413E+3	8,793357E+3
3,101918E+2	1,042900E+3	8,764626E+3
3,102887E+2	1,043431E+3	8,737174E+3
3,105987E+2	1,043847E+3	8,709212E+3
3,104921E+2	1,044338E+3	8,679628E+3
3,106437E+2	1,044722E+3	8,653332E+3
3,105705E+2	1,045139E+3	8,626029E+3
3,107764E+2	1,045662E+3	8,598556E+3
3,106699E+2	1,046145E+3	8,571281E+3
3,109727E+2	1,046519E+3	8,542936E+3
3,109582E+2	1,047047E+3	8,515310E+3
3,110851E+2	1,047533E+3	8,489461E+3
3,110818E+2	1,047905E+3	8,463604E+3
3,112992E+2	1,048393E+3	8,438641E+3
3,116082E+2	1,048783E+3	8,409230E+3
3,112070E+2	1,049246E+3	8,384476E+3
3,115308E+2	1,049679E+3	8,357238E+3
3,114977E+2	1,050173E+3	8,331745E+3
3,116061E+2	1,050667E+3	8,306655E+3
3,113301E+2	1,051074E+3	8,282324E+3
3,117773E+2	1,051549E+3	8,253518E+3
3,116294E+2	1,051987E+3	8,232148E+3
3,119315E+2	1,052417E+3	8,205200E+3
3,119384E+2	1,052850E+3	8,178808E+3
3,121818E+2	1,053312E+3	8,156070E+3
3,122959E+2	1,053784E+3	8,129889E+3
3,120179E+2	1,054246E+3	8,106635E+3
3,123552E+2	1,054713E+3	8,082508E+3
3,122517E+2	1,055160E+3	8,058178E+3
3,123609E+2	1,055584E+3	8,032535E+3
3,124631E+2	1,056078E+3	8,009277E+3
3,123353E+2	1,056524E+3	7,983570E+3
3,123524E+2	1,057046E+3	7,963021E+3
3,125211E+2	1,057453E+3	7,939169E+3
3,126214E+2	1,057890E+3	7,914564E+3
3,130191E+2	1,058359E+3	7,891264E+3
3,128630E+2	1,058825E+3	7,868983E+3
3,126819E+2	1,059278E+3	7,845799E+3
3,130362E+2	1,059700E+3	7,821787E+3
3,131268E+2	1,060174E+3	7,799733E+3
3,129700E+2	1,060632E+3	7,778854E+3
3,133835E+2	1,061057E+3	7,754293E+3
3,131373E+2	1,061500E+3	7,730871E+3
3,132861E+2	1,061954E+3	7,709793E+3
3,132788E+2	1,062451E+3	7,688681E+3
3,134333E+2	1,062933E+3	7,666838E+3
3,136371E+2	1,063378E+3	7,643574E+3
3,136670E+2	1,063831E+3	7,622700E+3
3,133903E+2	1,064278E+3	7,600416E+3
3,134999E+2	1,064698E+3	7,579996E+3
3,135551E+2	1,065193E+3	7,555209E+3
3,137407E+2	1,065701E+3	7,535147E+3
3,136849E+2	1,066098E+3	7,514778E+3
3,139083E+2	1,066548E+3	7,494341E+3
3,138045E+2	1,067005E+3	7,472465E+3
3,140415E+2	1,067421E+3	7,450199E+3
3,141436E+2	1,068033E+3	7,430110E+3
3,140685E+2	1,068402E+3	7,410397E+3
3,141675E+2	1,068882E+3	7,389277E+3
3,143777E+2	1,069368E+3	7,368366E+3
3,143945E+2	1,069763E+3	7,348758E+3
3,144894E+2	1,070264E+3	7,328029E+3
3,145253E+2	1,070732E+3	7,308458E+3
3,145706E+2	1,071213E+3	7,287740E+3
3,146181E+2	1,071666E+3	7,269131E+3
3,146093E+2	1,072205E+3	7,249513E+3
3,149451E+2	1,072595E+3	7,229521E+3
3,147088E+2	1,073026E+3	7,210059E+3
3,147669E+2	1,073481E+3	7,191124E+3
3,150314E+2	1,073946E+3	7,171422E+3
3,151013E+2	1,074444E+3	7,153397E+3
3,154822E+2	1,074860E+3	7,131465E+3
3,150740E+2	1,075385E+3	7,113795E+3
3,153535E+2	1,075757E+3	7,093863E+3
3,154466E+2	1,076241E+3	7,074853E+3
3,154743E+2	1,076770E+3	7,055882E+3
3,156075E+2	1,077185E+3	7,037799E+3
3,157766E+2	1,077717E+3	7,020647E+3
3,157652E+2	1,078158E+3	7,000216E+3
3,157748E+2	1,078539E+3	6,982486E+3
3,155027E+2	1,079085E+3	6,963844E+3
3,158680E+2	1,079458E+3	6,946108E+3
3,157951E+2	1,079991E+3	6,927537E+3
3,155597E+2	1,080454E+3	6,909031E+3
3,158195E+2	1,080952E+3	6,892688E+3
3,160543E+2	1,081385E+3	6,872818E+3
3,160655E+2	1,081886E+3	6,855933E+3
3,163078E+2	1,082281E+3	6,837860E+3
3,159937E+2	1,082806E+3	6,821872E+3
3,160160E+2	1,083284E+3	6,803722E+3
3,162301E+2	1,083697E+3	6,786104E+3
3,162327E+2	1,084154E+3	6,769551E+3
3,163815E+2	1,084618E+3	6,751314E+3
3,164742E+2	1,085157E+3	6,735272E+3
3,165291E+2	1,085622E+3	6,717652E+3
3,164979E+2	1,086061E+3	6,700761E+3
3,165529E+2	1,086557E+3	6,684868E+3
3,163366E+2	1,087076E+3	6,665922E+3
3,165803E+2	1,087496E+3	6,649106E+3
3,166212E+2	1,088021E+3	6,633707E+3
3,165932E+2	1,088388E+3	6,617504E+3
3,168912E+2	1,088889E+3	6,600640E+3
3,169794E+2	1,089307E+3	6,584641E+3
3,172240E+2	1,089833E+3	6,566733E+3
3,172014E+2	1,090291E+3	6,552145E+3
3,170937E+2	1,090775E+3	6,536515E+3
3,172254E+2	1,091216E+3	6,519189E+3
3,170116E+2	1,091672E+3	6,504915E+3
3,172131E+2	1,092194E+3	6,488188E+3
3,171435E+2	1,092627E+3	6,473236E+3
3,174633E+2	1,093156E+3	6,456066E+3
3,172619E+2	1,093707E+3	6,441115E+3
3,173891E+2	1,094116E+3	6,425571E+3
3,176193E+2	1,094572E+3	6,410091E+3
3,175706E+2	1,095026E+3	6,395498E+3
3,177296E+2	1,095518E+3	6,379262E+3
3,176322E+2	1,096004E+3	6,364809E+3
3,178893E+2	1,096489E+3	6,347292E+3
3,177191E+2	1,097014E+3	6,334122E+3
3,179206E+2	1,097549E+3	6,317801E+3
3,179203E+2	1,097937E+3	6,303335E+3
3,180408E+2	1,098419E+3	6,288955E+3
3,181350E+2	1,098946E+3	6,273216E+3
3,179784E+2	1,099435E+3	6,259303E+3
3,182538E+2	1,099925E+3	6,243630E+3
3,181567E+2	1,100363E+3	6,230247E+3
3,182801E+2	1,100898E+3	6,215494E+3
3,182785E+2	1,101341E+3	6,199476E+3
3,183233E+2	1,101817E+3	6,185904E+3
3,184229E+2	1,102395E+3	6,172210E+3
3,182491E+2	1,102863E+3	6,156850E+3
3,186992E+2	1,103376E+3	6,143264E+3
3,186389E+2	1,103847E+3	6,128388E+3
3,186426E+2	1,104287E+3	6,114117E+3
3,186851E+2	1,104826E+3	6,101686E+3
3,186412E+2	1,105395E+3	6,086763E+3
3,187469E+2	1,105838E+3	6,073918E+3
3,185415E+2	1,106302E+3	6,058656E+3
3,188198E+2	1,106729E+3	6,044854E+3
3,188687E+2	1,107267E+3	6,031393E+3
3,189341E+2	1,107768E+3	6,016456E+3
3,189158E+2	1,108239E+3	6,003548E+3
3,189267E+2	1,108751E+3	5,990026E+3
3,189723E+2	1,109209E+3	5,976804E+3
3,192289E+2	1,109624E+3	5,964226E+3
3,191805E+2	1,110200E+3	5,950578E+3
3,191869E+2	1,110684E+3	5,936079E+3
3,190703E+2	1,111200E+3	5,923640E+3
3,192153E+2	1,111660E+3	5,910105E+3
3,193170E+2	1,112189E+3	5,898440E+3
3,194931E+2	1,112617E+3	5,883833E+3
3,195120E+2	1,113112E+3	5,871824E+3
3,195058E+2	1,113648E+3	5,858594E+3
3,195435E+2	1,114132E+3	5,845635E+3
3,196512E+2	1,114574E+3	5,832388E+3
3,196486E+2	1,115110E+3	5,819786E+3
3,198619E+2	1,115601E+3	5,807540E+3
3,198891E+2	1,116019E+3	5,793061E+3
3,200249E+2	1,116494E+3	5,781116E+3
3,199515E+2	1,116979E+3	5,770260E+3
3,199647E+2	1,117508E+3	5,757601E+3
3,200106E+2	1,118024E+3	5,743882E+3
3,202325E+2	1,118469E+3	5,732197E+3
3,199979E+2	1,118990E+3	5,719750E+3
3,201232E+2	1,119440E+3	5,707406E+3
3,203131E+2	1,119953E+3	5,695088E+3
3,202941E+2	1,120404E+3	5,682473E+3
3,201929E+2	1,120878E+3	5,671894E+3
3,203552E+2	1,121367E+3	5,658547E+3
3,204274E+2	1,121909E+3	5,647154E+3
3,204049E+2	1,122388E+3	5,635177E+3
3,203028E+2	1,122915E+3	5,624272E+3
3,204767E+2	1,123410E+3	5,613175E+3
3,206124E+2	1,123876E+3	5,600607E+3
3,208005E+2	1,124335E+3	5,588512E+3
3,206302E+2	1,124809E+3	5,575836E+3
3,207612E+2	1,125248E+3	5,565253E+3
3,206895E+2	1,125727E+3	5,553780E+3
3,208588E+2	1,126264E+3	5,541220E+3
3,209230E+2	1,126749E+3	5,529630E+3
3,210308E+2	1,127204E+3	5,519224E+3
3,209187E+2	1,127651E+3	5,508638E+3
3,212860E+2	1,128099E+3	5,497739E+3
3,211169E+2	1,128664E+3	5,485535E+3
3,211762E+2	1,129107E+3	5,474224E+3
3,213065E+2	1,129567E+3	5,462559E+3
3,212167E+2	1,130048E+3	5,452737E+3
3,211542E+2	1,130537E+3	5,440631E+3
3,213088E+2	1,131000E+3	5,431051E+3
3,215414E+2	1,131440E+3	5,419667E+3
3,214012E+2	1,131933E+3	5,408144E+3
3,213889E+2	1,132482E+3	5,397275E+3
3,215834E+2	1,132866E+3	5,385587E+3
3,215841E+2	1,133304E+3	5,374683E+3
3,218344E+2	1,133797E+3	5,364589E+3
3,218287E+2	1,134281E+3	5,353826E+3
3,217012E+2	1,134733E+3	5,343734E+3
3,218222E+2	1,135234E+3	5,332891E+3
3,218177E+2	1,135762E+3	5,322676E+3
3,220359E+2	1,136201E+3	5,311652E+3
3,218480E+2	1,136654E+3	5,301509E+3
3,220542E+2	1,137130E+3	5,290997E+3
3,220491E+2	1,137624E+3	5,280458E+3
3,220422E+2	1,138103E+3	5,271264E+3
3,221672E+2	1,138532E+3	5,260135E+3
3,220746E+2	1,138932E+3	5,250565E+3
3,222231E+2	1,139485E+3	5,239332E+3
3,221527E+2	1,139989E+3	5,230027E+3
3,224048E+2	1,140421E+3	5,220304E+3
3,222021E+2	1,140854E+3	5,210096E+3
3,221002E+2	1,141316E+3	5,200113E+3
3,225887E+2	1,141755E+3	5,190126E+3
3,226445E+2	1,142296E+3	5,179486E+3
3,225900E+2	1,142723E+3	5,168847E+3
3,226768E+2	1,143225E+3	5,160483E+3
3,226015E+2	1,143655E+3	5,149931E+3
3,226300E+2	1,144048E+3	5,139802E+3
3,227675E+2	1,144525E+3	5,129771E+3
3,225882E+2	1,145088E+3	5,121363E+3
3,225709E+2	1,145511E+3	5,111985E+3
3,225935E+2	1,146002E+3	5,101737E+3
3,228539E+2	1,146407E+3	5,092231E+3
3,229554E+2	1,146920E+3	5,082697E+3
3,227983E+2	1,147307E+3	5,072141E+3
3,227575E+2	1,147713E+3	5,063762E+3
3,229616E+2	1,148232E+3	5,054122E+3
3,230032E+2	1,148663E+3	5,043991E+3
3,231636E+2	1,149144E+3	5,034995E+3
3,230556E+2	1,149616E+3	5,025526E+3
3,230201E+2	1,150077E+3	5,017252E+3
3,230193E+2	1,150463E+3	5,007523E+3
3,232186E+2	1,150940E+3	4,997938E+3
3,233461E+2	1,151387E+3	4,988970E+3
3,232897E+2	1,151835E+3	4,980683E+3
3,233967E+2	1,152273E+3	4,970111E+3
3,232985E+2	1,152714E+3	4,962190E+3
3,234031E+2	1,153183E+3	4,954384E+3
3,234585E+2	1,153642E+3	4,944215E+3
3,234886E+2	1,154112E+3	4,935990E+3
3,237549E+2	1,154581E+3	4,927009E+3
3,235798E+2	1,155000E+3	4,917368E+3
3,236096E+2	1,155479E+3	4,909245E+3
3,237318E+2	1,155933E+3	4,901627E+3
3,235723E+2	1,156331E+3	4,891081E+3
3,237837E+2	1,156784E+3	4,882891E+3
3,240498E+2	1,157220E+3	4,873511E+3
3,238356E+2	1,157677E+3	4,864727E+3
3,237386E+2	1,158123E+3	4,857875E+3
3,238898E+2	1,158572E+3	4,848138E+3
3,239082E+2	1,158998E+3	4,839802E+3
3,239333E+2	1,159440E+3	4,831560E+3
3,241990E+2	1,159870E+3	4,823594E+3
3,239987E+2	1,160300E+3	4,814937E+3
3,240378E+2	1,160802E+3	4,807119E+3
3,241579E+2	1,161222E+3	4,797455E+3
3,243203E+2	1,161594E+3	4,789177E+3
3,243516E+2	1,162001E+3	4,780627E+3
3,240991E+2	1,162434E+3	4,772296E+3
3,242912E+2	1,162985E+3	4,765120E+3
3,242514E+2	1,163385E+3	4,755677E+3
3,242663E+2	1,163845E+3	4,749168E+3
3,242856E+2	1,164237E+3	4,740373E+3
3,245324E+2	1,164698E+3	4,731573E+3
3,243887E+2	1,165045E+3	4,724503E+3
3,246607E+2	1,165529E+3	4,715424E+3
3,246169E+2	1,165943E+3	4,707736E+3
3,248969E+2	1,166337E+3	4,700421E+3
3,248304E+2	1,166845E+3	4,692907E+3
3,248971E+2	1,167300E+3	4,684196E+3
3,248111E+2	1,167641E+3	4,676245E+3
3,250140E+2	1,168103E+3	4,668228E+3
3,249776E+2	1,168494E+3	4,660719E+3
3,249408E+2	1,168905E+3	4,652920E+3
3,251858E+2	1,169380E+3	4,644984E+3
3,249241E+2	1,169858E+3	4,637584E+3
3,250015E+2	1,170205E+3	4,629571E+3
3,250423E+2	1,170697E+3	4,621807E+3
3,252109E+2	1,171124E+3	4,613719E+3
3,251839E+2	1,171500E+3	4,606867E+3
3,253299E+2	1,171942E+3	4,599393E+3
3,254282E+2	1,172349E+3	4,591515E+3
3,254718E+2	1,172838E+3	4,584716E+3
3,253898E+2	1,173227E+3	4,577142E+3
3,254119E+2	1,173634E+3	4,569148E+3
3,253814E+2	1,174086E+3	4,562235E+3
3,253875E+2	1,174469E+3	4,554817E+3
3,256033E+2	1,174891E+3	4,547298E+3
3,256656E+2	1,175319E+3	4,539738E+3
3,254876E+2	1,175772E+3	4,532199E+3
3,257258E+2	1,176232E+3	4,525706E+3
3,255205E+2	1,176597E+3	4,517706E+3
3,255312E+2	1,176953E+3	4,510875E+3
3,256245E+2	1,177383E+3	4,503890E+3
3,257972E+2	1,177821E+3	4,495510E+3
3,257272E+2	1,178170E+3	4,488659E+3
3,259828E+2	1,178707E+3	4,482628E+3
3,259859E+2	1,179058E+3	4,475117E+3
3,257669E+2	1,179545E+3	4,468132E+3
3,259283E+2	1,179948E+3	4,461656E+3
3,261174E+2	1,180332E+3	4,454163E+3
3,261139E+2	1,180683E+3	4,446928E+3
3,260713E+2	1,181186E+3	4,440625E+3
3,260466E+2	1,181611E+3	4,433500E+3
3,260379E+2	1,181989E+3	4,427215E+3
3,260502E+2	1,182392E+3	4,419546E+3
3,262670E+2	1,182759E+3	4,411991E+3
3,263995E+2	1,183130E+3	4,406064E+3
3,262138E+2	1,183536E+3	4,397809E+3
3,265153E+2	1,184086E+3	4,392524E+3
3,264331E+2	1,184419E+3	4,385331E+3
3,264782E+2	1,184820E+3	4,379911E+3
3,265140E+2	1,185241E+3	4,372517E+3
3,264859E+2	1,185660E+3	4,365884E+3
3,262673E+2	1,186039E+3	4,359253E+3
3,265820E+2	1,186466E+3	4,351897E+3
3,262485E+2	1,186835E+3	4,345636E+3
3,267352E+2	1,187208E+3	4,339686E+3
3,265071E+2	1,187663E+3	4,332871E+3
3,265730E+2	1,188059E+3	4,326873E+3
3,269036E+2	1,188470E+3	4,320498E+3
3,267532E+2	1,188756E+3	4,312789E+3
3,268759E+2	1,189240E+3	4,305949E+3
3,269350E+2	1,189734E+3	4,299840E+3
3,269849E+2	1,190082E+3	4,293852E+3
3,269115E+2	1,190492E+3	4,287491E+3
3,268452E+2	1,190849E+3	4,281038E+3
3,267943E+2	1,191246E+3	4,275110E+3
3,269837E+2	1,191686E+3	4,268568E+3
3,269485E+2	1,192063E+3	4,261815E+3
3,269608E+2	1,192442E+3	4,256316E+3
3,272037E+2	1,192873E+3	4,250340E+3
3,268846E+2	1,193266E+3	4,243694E+3
3,271699E+2	1,193651E+3	4,237320E+3
3,272521E+2	1,194031E+3	4,231805E+3
3,272490E+2	1,194396E+3	4,225511E+3
3,272420E+2	1,194805E+3	4,218427E+3
3,273810E+2	1,195181E+3	4,213011E+3
3,275276E+2	1,195562E+3	4,207975E+3
3,275408E+2	1,196005E+3	4,200905E+3
3,274564E+2	1,196369E+3	4,194014E+3
3,275603E+2	1,196771E+3	4,188409E+3
3,273510E+2	1,197128E+3	4,183082E+3
3,274445E+2	1,197559E+3	4,176239E+3
3,277461E+2	1,197905E+3	4,170997E+3
3,276991E+2	1,198351E+3	4,165500E+3
3,276906E+2	1,198697E+3	4,159235E+3
3,278486E+2	1,199105E+3	4,152885E+3
3,277014E+2	1,199552E+3	4,147761E+3
3,277977E+2	1,199925E+3	4,141638E+3
3,277408E+2	1,200208E+3	4,135015E+3
3,277534E+2	1,200676E+3	4,130115E+3
3,277788E+2	1,201105E+3	4,124453E+3
3,276480E+2	1,201368E+3	4,119355E+3
3,278850E+2	1,201802E+3	4,112766E+3
3,278829E+2	1,202211E+3	4,107795E+3
3,281610E+2	1,202540E+3	4,101333E+3
3,281271E+2	1,202902E+3	4,094914E+3
3,282466E+2	1,203294E+3	4,089934E+3
3,281260E+2	1,203675E+3	4,084571E+3
3,280989E+2	1,204080E+3	4,078393E+3
3,281277E+2	1,204495E+3	4,072997E+3
3,282413E+2	1,204860E+3	4,067724E+3
3,281024E+2	1,205244E+3	4,062032E+3
3,284381E+2	1,205618E+3	4,057020E+3
3,281203E+2	1,205991E+3	4,050773E+3
3,281548E+2	1,206378E+3	4,046166E+3
3,280998E+2	1,206684E+3	4,040367E+3
3,282901E+2	1,207030E+3	4,034562E+3
3,281416E+2	1,207479E+3	4,029348E+3
3,284915E+2	1,207825E+3	4,023407E+3
3,285373E+2	1,208223E+3	4,018108E+3
3,284152E+2	1,208585E+3	4,014237E+3
3,283394E+2	1,209038E+3	4,008050E+3
3,283398E+2	1,209362E+3	4,003480E+3
3,284497E+2	1,209722E+3	3,996894E+3
3,285816E+2	1,210090E+3	3,992183E+3
3,286720E+2	1,210499E+3	3,987311E+3
3,285481E+2	1,210853E+3	3,981766E+3
3,285021E+2	1,211205E+3	3,976579E+3
3,287593E+2	1,211585E+3	3,971296E+3
3,285811E+2	1,211879E+3	3,965548E+3
3,286473E+2	1,212243E+3	3,960795E+3
3,288616E+2	1,212628E+3	3,955634E+3
3,288752E+2	1,213015E+3	3,950381E+3
3,286452E+2	1,213458E+3	3,945992E+3
3,288185E+2	1,213782E+3	3,940915E+3
3,287104E+2	1,214152E+3	3,935740E+3
3,288997E+2	1,214421E+3	3,930291E+3
3,287463E+2	1,214856E+3	3,925514E+3
3,289448E+2	1,215201E+3	3,920126E+3
3,288158E+2	1,215627E+3	3,914984E+3
3,289393E+2	1,215852E+3	3,909899E+3
3,289566E+2	1,216236E+3	3,905898E+3
3,291968E+2	1,216625E+3	3,900720E+3
3,290582E+2	1,217051E+3	3,895423E+3
3,293551E+2	1,217327E+3	3,890172E+3
3,291264E+2	1,217732E+3	3,885543E+3
3,292106E+2	1,218042E+3	3,880762E+3
3,290458E+2	1,218446E+3	3,875991E+3
3,292663E+2	1,218845E+3	3,871067E+3
3,292446E+2	1,219147E+3	3,866174E+3
3,293346E+2	1,219479E+3	3,861937E+3
3,292414E+2	1,219871E+3	3,856048E+3
3,295223E+2	1,220258E+3	3,851290E+3
3,294980E+2	1,220528E+3	3,846978E+3
3,293829E+2	1,220905E+3	3,841947E+3
3,296811E+2	1,221246E+3	3,837665E+3
3,295968E+2	1,221605E+3	3,833339E+3
3,293687E+2	1,221965E+3	3,828078E+3
3,295318E+2	1,222333E+3	3,823704E+3
3,295882E+2	1,222670E+3	3,819664E+3
3,296990E+2	1,223124E+3	3,814566E+3
3,293463E+2	1,223384E+3	3,809956E+3
3,296616E+2	1,223782E+3	3,804671E+3
3,296896E+2	1,224026E+3	3,799917E+3
3,297345E+2	1,224478E+3	3,796437E+3
3,295267E+2	1,224742E+3	3,791044E+3
3,298563E+2	1,225139E+3	3,786084E+3
3,298317E+2	1,225448E+3	3,781850E+3
3,300660E+2	1,225882E+3	3,777304E+3
3,298207E+2	1,226143E+3	3,772818E+3
3,300475E+2	1,226568E+3	3,768554E+3
3,299711E+2	1,226871E+3	3,763668E+3
3,301662E+2	1,227228E+3	3,759168E+3
3,300809E+2	1,227503E+3	3,754450E+3
3,300516E+2	1,227893E+3	3,751584E+3
3,301191E+2	1,228285E+3	3,746303E+3
3,300503E+2	1,228561E+3	3,742223E+3
3,300201E+2	1,228888E+3	3,737783E+3
3,300157E+2	1,229319E+3	3,733649E+3
3,304137E+2	1,229602E+3	3,728676E+3
3,301550E+2	1,229902E+3	3,723442E+3
3,301580E+2	1,230332E+3	3,720229E+3
3,302839E+2	1,230594E+3	3,716033E+3
3,302233E+2	1,231021E+3	3,711165E+3
3,302968E+2	1,231291E+3	3,707303E+3
3,304258E+2	1,231673E+3	3,703096E+3
3,304160E+2	1,232029E+3	3,697967E+3
3,302566E+2	1,232342E+3	3,694676E+3
3,304532E+2	1,232730E+3	3,689802E+3
3,303641E+2	1,232965E+3	3,685908E+3
3,301808E+2	1,233340E+3	3,682072E+3
3,304890E+2	1,233712E+3	3,677308E+3
3,306694E+2	1,234000E+3	3,673059E+3
3,306705E+2	1,234396E+3	3,669634E+3
3,303617E+2	1,234778E+3	3,665803E+3
3,305268E+2	1,235052E+3	3,660821E+3
3,304041E+2	1,235336E+3	3,656879E+3
3,307624E+2	1,235675E+3	3,653132E+3
3,307876E+2	1,236021E+3	3,648737E+3
3,306828E+2	1,236364E+3	3,644937E+3
3,307490E+2	1,236618E+3	3,640555E+3
3,307216E+2	1,236940E+3	3,636263E+3
3,309026E+2	1,237351E+3	3,632798E+3
3,307837E+2	1,237664E+3	3,628566E+3
3,308637E+2	1,238040E+3	3,624753E+3
3,308522E+2	1,238271E+3	3,621032E+3
3,308107E+2	1,238721E+3	3,616488E+3
3,308384E+2	1,238942E+3	3,612312E+3
3,309477E+2	1,239295E+3	3,608483E+3
3,310437E+2	1,239606E+3	3,604476E+3
3,311528E+2	1,239975E+3	3,601079E+3
3,310816E+2	1,240213E+3	3,597031E+3
3,312173E+2	1,240509E+3	3,592289E+3
3,311407E+2	1,240954E+3	3,588836E+3
3,311592E+2	1,241201E+3	3,585052E+3
3,310901E+2	1,241621E+3	3,581708E+3
3,310951E+2	1,241858E+3	3,577511E+3
3,312072E+2	1,242186E+3	3,573263E+3
3,310920E+2	1,242531E+3	3,569700E+3
3,312228E+2	1,242825E+3	3,565831E+3
3,313426E+2	1,243103E+3	3,561828E+3
3,312983E+2	1,243503E+3	3,558374E+3
3,312694E+2	1,243792E+3	3,554065E+3
3,312136E+2	1,244173E+3	3,550967E+3
3,313192E+2	1,244426E+3	3,546841E+3
3,315586E+2	1,244767E+3	3,543032E+3
3,313878E+2	1,245035E+3	3,539086E+3
3,313228E+2	1,245407E+3	3,535967E+3
3,313049E+2	1,245672E+3	3,532102E+3
3,313972E+2	1,246055E+3	3,528455E+3
3,318607E+2	1,246387E+3	3,524777E+3
3,315102E+2	1,246668E+3	3,520502E+3
3,315511E+2	1,246994E+3	3,517155E+3
3,315470E+2	1,247338E+3	3,513805E+3
3,314211E+2	1,247574E+3	3,509851E+3
3,316554E+2	1,247944E+3	3,505778E+3
3,315288E+2	1,248208E+3	3,502994E+3
3,317758E+2	1,248496E+3	3,499171E+3
3,314586E+2	1,248877E+3	3,495389E+3
3,316979E+2	1,249153E+3	3,492305E+3
3,316183E+2	1,249478E+3	3,488678E+3
3,318932E+2	1,249758E+3	3,484789E+3
3,317304E+2	1,250089E+3	3,481227E+3
3,316337E+2	1,250449E+3	3,477616E+3
3,316931E+2	1,250694E+3	3,474379E+3
3,321530E+2	1,251019E+3	3,470587E+3
3,320381E+2	1,251339E+3	3,467442E+3
3,317073E+2	1,251635E+3	3,463586E+3
3,319023E+2	1,251988E+3	3,460349E+3
3,317507E+2	1,252299E+3	3,457650E+3
3,317985E+2	1,252525E+3	3,453000E+3
3,320557E+2	1,252889E+3	3,449590E+3
3,319646E+2	1,253142E+3	3,446642E+3
3,321021E+2	1,253422E+3	3,443207E+3
3,319351E+2	1,253814E+3	3,440081E+3
3,321284E+2	1,254174E+3	3,436465E+3
3,320264E+2	1,254470E+3	3,433133E+3
3,322326E+2	1,254667E+3	3,429455E+3
3,321484E+2	1,254983E+3	3,425799E+3
3,324679E+2	1,255272E+3	3,421952E+3
3,321734E+2	1,255611E+3	3,418954E+3
3,322570E+2	1,255986E+3	3,416277E+3
3,323730E+2	1,256232E+3	3,411918E+3
3,322679E+2	1,256495E+3	3,409052E+3
3,324305E+2	1,256897E+3	3,405921E+3
3,322056E+2	1,257065E+3	3,402452E+3
3,324717E+2	1,257392E+3	3,399431E+3
3,321420E+2	1,257695E+3	3,396153E+3
3,323324E+2	1,258010E+3	3,392721E+3
3,324979E+2	1,258374E+3	3,389602E+3
3,323137E+2	1,258615E+3	3,386086E+3
3,325696E+2	1,258838E+3	3,383192E+3
3,324421E+2	1,259114E+3	3,380148E+3
3,325772E+2	1,259423E+3	3,376933E+3
3,326575E+2	1,259806E+3	3,373697E+3
3,326802E+2	1,260054E+3	3,370032E+3
3,327110E+2	1,260315E+3	3,366428E+3
3,327585E+2	1,260647E+3	3,363782E+3
3,325896E+2	1,260994E+3	3,360065E+3
3,326915E+2	1,261230E+3	3,356965E+3
3,326555E+2	1,261526E+3	3,354277E+3
3,326484E+2	1,261803E+3	3,351498E+3
3,328131E+2	1,262116E+3	3,348138E+3
3,326875E+2	1,262374E+3	3,345370E+3
3,327146E+2	1,262676E+3	3,343029E+3
3,328964E+2	1,263029E+3	3,340368E+3
3,326290E+2	1,263337E+3	3,338677E+3
3,328290E+2	1,263647E+3	3,336629E+3
3,326474E+2	1,263856E+3	3,334620E+3
3,328575E+2	1,264135E+3	3,332938E+3
3,328151E+2	1,264402E+3	3,332349E+3
