3,131129E+2	1,206004E+3	6,068133E+3
3,128131E+2	1,205966E+3	6,092201E+3
3,126341E+2	1,205774E+3	6,115290E+3
3,125685E+2	1,205577E+3	6,139649E+3
3,124868E+2	1,205451E+3	6,163606E+3
3,123641E+2	1,205274E+3	6,189128E+3
3,121540E+2	1,205072E+3	6,212245E+3
3,120409E+2	1,204993E+3	6,236674E+3
3,122356E+2	1,204711E+3	6,261259E+3
3,117896E+2	1,204631E+3	6,286177E+3
3,119515E+2	1,204290E+3	6,311785E+3
3,116237E+2	1,204123E+3	6,336348E+3
3,116202E+2	1,204003E+3	6,361975E+3
3,113594E+2	1,203664E+3	6,386932E+3
3,116488E+2	1,203601E+3	6,413666E+3
3,112648E+2	1,203409E+3	6,439873E+3
3,112966E+2	1,203077E+3	6,465955E+3
3,112313E+2	1,202961E+3	6,489377E+3
3,108531E+2	1,202778E+3	6,519009E+3
3,107494E+2	1,202567E+3	6,543657E+3
3,106016E+2	1,202349E+3	6,569867E+3
3,105746E+2	1,202152E+3	6,595813E+3
3,104493E+2	1,201945E+3	6,622973E+3
3,102471E+2	1,201693E+3	6,650542E+3
3,101280E+2	1,201466E+3	6,677878E+3
3,099855E+2	1,201263E+3	6,706163E+3
3,096182E+2	1,201024E+3	6,733636E+3
3,098571E+2	1,200787E+3	6,760837E+3
3,093475E+2	1,200563E+3	6,787261E+3
3,094085E+2	1,200328E+3	6,815767E+3
3,094383E+2	1,200082E+3	6,845510E+3
3,091222E+2	1,199794E+3	6,873623E+3
3,090658E+2	1,199583E+3	6,902021E+3
3,090954E+2	1,199384E+3	6,930974E+3
3,087712E+2	1,199038E+3	6,959405E+3
3,088489E+2	1,198784E+3	6,987242E+3
3,085988E+2	1,198557E+3	7,015845E+3
3,085301E+2	1,198370E+3	7,046249E+3
3,083200E+2	1,198089E+3	7,074689E+3
3,082513E+2	1,197800E+3	7,104651E+3
3,081091E+2	1,197603E+3	7,134564E+3
3,080429E+2	1,197346E+3	7,162781E+3
3,079024E+2	1,197016E+3	7,193210E+3
3,077324E+2	1,196765E+3	7,224247E+3
3,077026E+2	1,196528E+3	7,254870E+3
3,075230E+2	1,196263E+3	7,283525E+3
3,072110E+2	1,195963E+3	7,314622E+3
3,073816E+2	1,195703E+3	7,344745E+3
3,071958E+2	1,195429E+3	7,375882E+3
3,073934E+2	1,195214E+3	7,405672E+3
3,070271E+2	1,194901E+3	7,436456E+3
3,066443E+2	1,194654E+3	7,468041E+3
3,067734E+2	1,194332E+3	7,498438E+3
3,067960E+2	1,194061E+3	7,529528E+3
3,067038E+2	1,193791E+3	7,562481E+3
3,064943E+2	1,193451E+3	7,593771E+3
3,064195E+2	1,193146E+3	7,623828E+3
3,060747E+2	1,192901E+3	7,655569E+3
3,063797E+2	1,192658E+3	7,687605E+3
3,059703E+2	1,192386E+3	7,720693E+3
3,058554E+2	1,192082E+3	7,751812E+3
3,058954E+2	1,191760E+3	7,784438E+3
3,056662E+2	1,191385E+3	7,816205E+3
3,055904E+2	1,191098E+3	7,846994E+3
3,053976E+2	1,190840E+3	7,879551E+3
3,053154E+2	1,190571E+3	7,913530E+3
3,052386E+2	1,190249E+3	7,946734E+3
3,051985E+2	1,189956E+3	7,980175E+3
3,049793E+2	1,189596E+3	8,010410E+3
3,047786E+2	1,189308E+3	8,046123E+3
3,050906E+2	1,188913E+3	8,077512E+3
3,047264E+2	1,188651E+3	8,110688E+3
3,046783E+2	1,188374E+3	8,143075E+3
3,042598E+2	1,188015E+3	8,176451E+3
3,043469E+2	1,187747E+3	8,211395E+3
3,042346E+2	1,187448E+3	8,246402E+3
3,041967E+2	1,187131E+3	8,279450E+3
3,040045E+2	1,186781E+3	8,314903E+3
3,038868E+2	1,186468E+3	8,347409E+3
3,040590E+2	1,186040E+3	8,382985E+3
3,038011E+2	1,185871E+3	8,419837E+3
3,035401E+2	1,185473E+3	8,455901E+3
3,036689E+2	1,185165E+3	8,489880E+3
3,034014E+2	1,184819E+3	8,526255E+3
3,033797E+2	1,184467E+3	8,564024E+3
3,031594E+2	1,184162E+3	8,598671E+3
3,029934E+2	1,183765E+3	8,633991E+3
3,028276E+2	1,183501E+3	8,670411E+3
3,026330E+2	1,183190E+3	8,711988E+3
3,024588E+2	1,182800E+3	8,747457E+3
3,024500E+2	1,182449E+3	8,787503E+3
3,022696E+2	1,182053E+3	8,826975E+3
3,020946E+2	1,181794E+3	8,866103E+3
3,020902E+2	1,181379E+3	8,904729E+3
3,018617E+2	1,181098E+3	8,945787E+3
3,017978E+2	1,180610E+3	8,985349E+3
3,016830E+2	1,180338E+3	9,027217E+3
3,015552E+2	1,180024E+3	9,066285E+3
3,014269E+2	1,179611E+3	9,107540E+3
3,014372E+2	1,179261E+3	9,149116E+3
3,014248E+2	1,178927E+3	9,192768E+3
3,012805E+2	1,178537E+3	9,235184E+3
3,011027E+2	1,178149E+3	9,277501E+3
3,009020E+2	1,177748E+3	9,321317E+3
3,007290E+2	1,177360E+3	9,365124E+3
3,007141E+2	1,177060E+3	9,411471E+3
3,006029E+2	1,176694E+3	9,454808E+3
3,003021E+2	1,176224E+3	9,498843E+3
2,999991E+2	1,175879E+3	9,543563E+3
3,000081E+2	1,175462E+3	9,589852E+3
3,001265E+2	1,175110E+3	9,634755E+3
2,998052E+2	1,174728E+3	9,681281E+3
2,997983E+2	1,174319E+3	9,728186E+3
2,997112E+2	1,173898E+3	9,775864E+3
2,996172E+2	1,173547E+3	9,821200E+3
2,992481E+2	1,173177E+3	9,868626E+3
2,990960E+2	1,172718E+3	9,918553E+3
2,992921E+2	1,172301E+3	9,966305E+3
2,988291E+2	1,171842E+3	1,001743E+4
2,986831E+2	1,171565E+3	1,006524E+4
2,985833E+2	1,171120E+3	1,011435E+4
2,985929E+2	1,170615E+3	1,016411E+4
2,983289E+2	1,170269E+3	1,021469E+4
2,981885E+2	1,169889E+3	1,026719E+4
2,981520E+2	1,169343E+3	1,031608E+4
2,981658E+2	1,169017E+3	1,036497E+4
2,978182E+2	1,168569E+3	1,041740E+4
2,977624E+2	1,168156E+3	1,046796E+4
2,976121E+2	1,167677E+3	1,052067E+4
2,974203E+2	1,167336E+3	1,057308E+4
2,974278E+2	1,166861E+3	1,062513E+4
2,972145E+2	1,166473E+3	1,067824E+4
2,971054E+2	1,165966E+3	1,073181E+4
2,968579E+2	1,165559E+3	1,078474E+4
2,967119E+2	1,165122E+3	1,083679E+4
2,967156E+2	1,164769E+3	1,089178E+4
2,967332E+2	1,164270E+3	1,094575E+4
2,965747E+2	1,163844E+3	1,100037E+4
2,963991E+2	1,163408E+3	1,105300E+4
2,961079E+2	1,162965E+3	1,111071E+4
2,961213E+2	1,162571E+3	1,116586E+4
2,961095E+2	1,162085E+3	1,122013E+4
2,957643E+2	1,161682E+3	1,127694E+4
2,957338E+2	1,161203E+3	1,133586E+4
2,956480E+2	1,160847E+3	1,138922E+4
2,953037E+2	1,160391E+3	1,144585E+4
2,953255E+2	1,159910E+3	1,150598E+4
2,951043E+2	1,159515E+3	1,156211E+4
2,951424E+2	1,158992E+3	1,161929E+4
2,949582E+2	1,158566E+3	1,167700E+4
2,948505E+2	1,158113E+3	1,173592E+4
2,947485E+2	1,157659E+3	1,179362E+4
2,945218E+2	1,157219E+3	1,185160E+4
2,943909E+2	1,156732E+3	1,191061E+4
2,942431E+2	1,156329E+3	1,196819E+4
2,941111E+2	1,155851E+3	1,202850E+4
2,940934E+2	1,155352E+3	1,208442E+4
2,939832E+2	1,154861E+3	1,214758E+4
2,938970E+2	1,154386E+3	1,220829E+4
2,939140E+2	1,153934E+3	1,226468E+4
2,936370E+2	1,153439E+3	1,232798E+4
2,936287E+2	1,152997E+3	1,238842E+4
2,933133E+2	1,152584E+3	1,244963E+4
2,931493E+2	1,152107E+3	1,251011E+4
2,930305E+2	1,151632E+3	1,257546E+4
2,930476E+2	1,151147E+3	1,263590E+4
2,927726E+2	1,150691E+3	1,269933E+4
2,926785E+2	1,150127E+3	1,276021E+4
2,926778E+2	1,149693E+3	1,282129E+4
2,925209E+2	1,149220E+3	1,288588E+4
2,924056E+2	1,148790E+3	1,294762E+4
2,923150E+2	1,148269E+3	1,301510E+4
2,922284E+2	1,147749E+3	1,307525E+4
2,922137E+2	1,147386E+3	1,313857E+4
2,919623E+2	1,146865E+3	1,320502E+4
2,918405E+2	1,146378E+3	1,326907E+4
2,918626E+2	1,145962E+3	1,333308E+4
2,915758E+2	1,145423E+3	1,339969E+4
2,914928E+2	1,144906E+3	1,346351E+4
2,914291E+2	1,144471E+3	1,353070E+4
2,912684E+2	1,143983E+3	1,359622E+4
2,913256E+2	1,143588E+3	1,366098E+4
2,911116E+2	1,143042E+3	1,372553E+4
2,909231E+2	1,142561E+3	1,379083E+4
2,906880E+2	1,142065E+3	1,385748E+4
2,905872E+2	1,141531E+3	1,392422E+4
2,905071E+2	1,141054E+3	1,399218E+4
2,905235E+2	1,140560E+3	1,405694E+4
2,903309E+2	1,140067E+3	1,412760E+4
2,904608E+2	1,139552E+3	1,419266E+4
2,903036E+2	1,139091E+3	1,425950E+4
2,899732E+2	1,138565E+3	1,432899E+4
2,900074E+2	1,138161E+3	1,439605E+4
2,897866E+2	1,137651E+3	1,446539E+4
2,898133E+2	1,137133E+3	1,453197E+4
2,896999E+2	1,136615E+3	1,460354E+4
2,893514E+2	1,136181E+3	1,467055E+4
2,893923E+2	1,135711E+3	1,474330E+4
2,892173E+2	1,135172E+3	1,481239E+4
2,889474E+2	1,134733E+3	1,488459E+4
2,891075E+2	1,134215E+3	1,495074E+4
2,888198E+2	1,133817E+3	1,502335E+4
2,886608E+2	1,133263E+3	1,509157E+4
2,886566E+2	1,132725E+3	1,516014E+4
2,887048E+2	1,132262E+3	1,523187E+4
2,886570E+2	1,131797E+3	1,530176E+4
2,884125E+2	1,131271E+3	1,537279E+4
2,882850E+2	1,130819E+3	1,544461E+4
2,880171E+2	1,130322E+3	1,551722E+4
2,882525E+2	1,129757E+3	1,559108E+4
2,877851E+2	1,129196E+3	1,566368E+4
2,879746E+2	1,128777E+3	1,573380E+4
2,877285E+2	1,128277E+3	1,580745E+4
2,875132E+2	1,127778E+3	1,587675E+4
2,876402E+2	1,127261E+3	1,594756E+4
2,874181E+2	1,126813E+3	1,602451E+4
2,873198E+2	1,126320E+3	1,609662E+4
2,872356E+2	1,125731E+3	1,616961E+4
2,874144E+2	1,125290E+3	1,624330E+4
2,871871E+2	1,124786E+3	1,631974E+4
2,870063E+2	1,124333E+3	1,639641E+4
2,869369E+2	1,123756E+3	1,646439E+4
2,869837E+2	1,123343E+3	1,654106E+4
2,867102E+2	1,122812E+3	1,661243E+4
2,866240E+2	1,122229E+3	1,669048E+4
2,865144E+2	1,121744E+3	1,676644E+4
2,863681E+2	1,121239E+3	1,683637E+4
2,863959E+2	1,120697E+3	1,691784E+4
2,861432E+2	1,120245E+3	1,698917E+4
2,859762E+2	1,119655E+3	1,706372E+4
2,858391E+2	1,119155E+3	1,714219E+4
2,857601E+2	1,118706E+3	1,722043E+4
2,859100E+2	1,118204E+3	1,729658E+4
2,856770E+2	1,117701E+3	1,736953E+4
2,855455E+2	1,117239E+3	1,744383E+4
2,855036E+2	1,116692E+3	1,752086E+4
2,853038E+2	1,116195E+3	1,760000E+4
2,853935E+2	1,115729E+3	1,767839E+4
2,851045E+2	1,115214E+3	1,775461E+4
2,849974E+2	1,114735E+3	1,783065E+4
2,849318E+2	1,114211E+3	1,790764E+4
2,849463E+2	1,113726E+3	1,798602E+4
2,847618E+2	1,113204E+3	1,806077E+4
2,847118E+2	1,112745E+3	1,813789E+4
2,844399E+2	1,112174E+3	1,821805E+4
2,844848E+2	1,111736E+3	1,829862E+4
2,843042E+2	1,111265E+3	1,837808E+4
2,842833E+2	1,110720E+3	1,845578E+4
2,843577E+2	1,110203E+3	1,853001E+4
2,842640E+2	1,109726E+3	1,860969E+4
2,841626E+2	1,109167E+3	1,869196E+4
2,840885E+2	1,108719E+3	1,877143E+4
2,840682E+2	1,108231E+3	1,884851E+4
2,838537E+2	1,107740E+3	1,892805E+4
2,837463E+2	1,107159E+3	1,901003E+4
2,836163E+2	1,106675E+3	1,908994E+4
2,836645E+2	1,106165E+3	1,916957E+4
2,835968E+2	1,105636E+3	1,925076E+4
2,831955E+2	1,105192E+3	1,933294E+4
2,832986E+2	1,104803E+3	1,940983E+4
2,832665E+2	1,104225E+3	1,949300E+4
2,830989E+2	1,103678E+3	1,957180E+4
2,830318E+2	1,103252E+3	1,965645E+4
2,827017E+2	1,102745E+3	1,973344E+4
2,826879E+2	1,102245E+3	1,981838E+4
2,826439E+2	1,101682E+3	1,989906E+4
2,827371E+2	1,101212E+3	1,997956E+4
2,825621E+2	1,100732E+3	2,006258E+4
2,825535E+2	1,100272E+3	2,014458E+4
2,825067E+2	1,099736E+3	2,022377E+4
2,823430E+2	1,099178E+3	2,030817E+4
2,822395E+2	1,098720E+3	2,039598E+4
2,821329E+2	1,098227E+3	2,048286E+4
2,820305E+2	1,097751E+3	2,055723E+4
2,818490E+2	1,097160E+3	2,064559E+4
2,819341E+2	1,096743E+3	2,072378E+4
2,818699E+2	1,096245E+3	2,080818E+4
2,815818E+2	1,095734E+3	2,088756E+4
2,816950E+2	1,095235E+3	2,097877E+4
2,813650E+2	1,094726E+3	2,106075E+4
2,814946E+2	1,094211E+3	2,114322E+4
2,813652E+2	1,093764E+3	2,122205E+4
2,810785E+2	1,093261E+3	2,130938E+4
2,810826E+2	1,092822E+3	2,139475E+4
2,810742E+2	1,092325E+3	2,148041E+4
2,809729E+2	1,091846E+3	2,156263E+4
2,806865E+2	1,091243E+3	2,165000E+4
2,810697E+2	1,090824E+3	2,173666E+4
2,808132E+2	1,090281E+3	2,181403E+4
2,806120E+2	1,089923E+3	2,189871E+4
2,806280E+2	1,089339E+3	2,198789E+4
2,804463E+2	1,088830E+3	2,207123E+4
2,805493E+2	1,088311E+3	2,215935E+4
2,805022E+2	1,087856E+3	2,224675E+4
2,803825E+2	1,087414E+3	2,232644E+4
2,802274E+2	1,086918E+3	2,241560E+4
2,801442E+2	1,086409E+3	2,250367E+4
2,801118E+2	1,085896E+3	2,259473E+4
2,802751E+2	1,085375E+3	2,267165E+4
2,799019E+2	1,084916E+3	2,276376E+4
2,795905E+2	1,084373E+3	2,284958E+4
2,798179E+2	1,083929E+3	2,293368E+4
2,795909E+2	1,083403E+3	2,302472E+4
2,795982E+2	1,082886E+3	2,310489E+4
2,794585E+2	1,082442E+3	2,319955E+4
2,794880E+2	1,081967E+3	2,328503E+4
2,794581E+2	1,081453E+3	2,337427E+4
2,792692E+2	1,080985E+3	2,346424E+4
2,791205E+2	1,080516E+3	2,354204E+4
2,791621E+2	1,080004E+3	2,363581E+4
2,791709E+2	1,079501E+3	2,371960E+4
2,790382E+2	1,079001E+3	2,380701E+4
2,788098E+2	1,078546E+3	2,390106E+4
2,788254E+2	1,078051E+3	2,398505E+4
2,787976E+2	1,077622E+3	2,406868E+4
2,787699E+2	1,077134E+3	2,415728E+4
2,785297E+2	1,076634E+3	2,424819E+4
2,784378E+2	1,076190E+3	2,433823E+4
2,785798E+2	1,075640E+3	2,442419E+4
2,784180E+2	1,075175E+3	2,451593E+4
2,782882E+2	1,074698E+3	2,460789E+4
2,783319E+2	1,074222E+3	2,469616E+4
2,782881E+2	1,073774E+3	2,478624E+4
2,780903E+2	1,073239E+3	2,487373E+4
2,778806E+2	1,072740E+3	2,496455E+4
2,780777E+2	1,072380E+3	2,505281E+4
2,778800E+2	1,071786E+3	2,514391E+4
2,777200E+2	1,071367E+3	2,523396E+4
2,777822E+2	1,070901E+3	2,532021E+4
2,775883E+2	1,070396E+3	2,540480E+4
2,773905E+2	1,069860E+3	2,550577E+4
2,774939E+2	1,069450E+3	2,559124E+4
2,773273E+2	1,068912E+3	2,568416E+4
2,772753E+2	1,068461E+3	2,577707E+4
2,773031E+2	1,068001E+3	2,586479E+4
2,772566E+2	1,067621E+3	2,594795E+4
2,771104E+2	1,067039E+3	2,604816E+4
2,771533E+2	1,066576E+3	2,613885E+4
2,770695E+2	1,066156E+3	2,622485E+4
2,770422E+2	1,065682E+3	2,631430E+4
2,769091E+2	1,065224E+3	2,640660E+4
2,767846E+2	1,064706E+3	2,650587E+4
2,766703E+2	1,064259E+3	2,658850E+4
2,768281E+2	1,063803E+3	2,667819E+4
2,766227E+2	1,063280E+3	2,677365E+4
2,763945E+2	1,062761E+3	2,687106E+4
2,764878E+2	1,062348E+3	2,695849E+4
2,763674E+2	1,061850E+3	2,704330E+4
2,763177E+2	1,061380E+3	2,714748E+4
2,761960E+2	1,061002E+3	2,723489E+4
2,762133E+2	1,060501E+3	2,732467E+4
2,762856E+2	1,060019E+3	2,742029E+4
2,761894E+2	1,059539E+3	2,750371E+4
2,762034E+2	1,059152E+3	2,759810E+4
2,759214E+2	1,058603E+3	2,769575E+4
2,760291E+2	1,058201E+3	2,777762E+4
2,758478E+2	1,057724E+3	2,787534E+4
2,755645E+2	1,057246E+3	2,796504E+4
2,756048E+2	1,056840E+3	2,806179E+4
2,757557E+2	1,056331E+3	2,815019E+4
2,755650E+2	1,055893E+3	2,824518E+4
2,755403E+2	1,055420E+3	2,833857E+4
2,754197E+2	1,054940E+3	2,842971E+4
2,753504E+2	1,054474E+3	2,851981E+4
2,751365E+2	1,053997E+3	2,861853E+4
2,753495E+2	1,053579E+3	2,870895E+4
2,751740E+2	1,053083E+3	2,880553E+4
2,749490E+2	1,052604E+3	2,889579E+4
2,751851E+2	1,052129E+3	2,899015E+4
2,749845E+2	1,051761E+3	2,908245E+4
2,750250E+2	1,051336E+3	2,917741E+4
2,748155E+2	1,050827E+3	2,927551E+4
2,748551E+2	1,050354E+3	2,936389E+4
2,746647E+2	1,049875E+3	2,946082E+4
2,745435E+2	1,049422E+3	2,955780E+4
2,746683E+2	1,048989E+3	2,964509E+4
2,745617E+2	1,048541E+3	2,973568E+4
2,745686E+2	1,048118E+3	2,983499E+4
2,746794E+2	1,047669E+3	2,992231E+4
2,745244E+2	1,047246E+3	3,001719E+4
2,743386E+2	1,046863E+3	3,011724E+4
2,743177E+2	1,046292E+3	3,020471E+4
2,741504E+2	1,045883E+3	3,030534E+4
2,742520E+2	1,045383E+3	3,039247E+4
2,740534E+2	1,044993E+3	3,049405E+4
2,740752E+2	1,044556E+3	3,058023E+4
2,739043E+2	1,044169E+3	3,067748E+4
2,738304E+2	1,043636E+3	3,077344E+4
2,738147E+2	1,043260E+3	3,086685E+4
2,737379E+2	1,042778E+3	3,096611E+4
2,736044E+2	1,042278E+3	3,105399E+4
2,734613E+2	1,041915E+3	3,115696E+4
2,733902E+2	1,041505E+3	3,124761E+4
2,734613E+2	1,041051E+3	3,134024E+4
2,735587E+2	1,040486E+3	3,143464E+4
2,733351E+2	1,040122E+3	3,153067E+4
2,732766E+2	1,039678E+3	3,162341E+4
2,731460E+2	1,039212E+3	3,172464E+4
2,732606E+2	1,038794E+3	3,182468E+4
2,731990E+2	1,038381E+3	3,191094E+4
2,730448E+2	1,037942E+3	3,200544E+4
2,731387E+2	1,037462E+3	3,210344E+4
2,729261E+2	1,037091E+3	3,219871E+4
2,731150E+2	1,036592E+3	3,229458E+4
2,728400E+2	1,036155E+3	3,238863E+4
2,727541E+2	1,035744E+3	3,248222E+4
2,727520E+2	1,035302E+3	3,258791E+4
2,725682E+2	1,034886E+3	3,266350E+4
2,725721E+2	1,034466E+3	3,276950E+4
2,725151E+2	1,033993E+3	3,285946E+4
2,722947E+2	1,033568E+3	3,296169E+4
2,722756E+2	1,033155E+3	3,305777E+4
2,722018E+2	1,032765E+3	3,315543E+4
2,721693E+2	1,032306E+3	3,324782E+4
2,722653E+2	1,031904E+3	3,333810E+4
2,719219E+2	1,031432E+3	3,344553E+4
2,719817E+2	1,031003E+3	3,353383E+4
2,721136E+2	1,030581E+3	3,363396E+4
2,719463E+2	1,030175E+3	3,372662E+4
2,719177E+2	1,029636E+3	3,381925E+4
2,719025E+2	1,029280E+3	3,391646E+4
2,717991E+2	1,028912E+3	3,401722E+4
2,716969E+2	1,028394E+3	3,411829E+4
2,716378E+2	1,028059E+3	3,420962E+4
2,714522E+2	1,027622E+3	3,429909E+4
2,714000E+2	1,027179E+3	3,440319E+4
2,716143E+2	1,026727E+3	3,449080E+4
2,716157E+2	1,026301E+3	3,459354E+4
2,717056E+2	1,026012E+3	3,468281E+4
2,713500E+2	1,025490E+3	3,478553E+4
2,712855E+2	1,025059E+3	3,488336E+4
2,713387E+2	1,024677E+3	3,496839E+4
2,713107E+2	1,024223E+3	3,506800E+4
2,710667E+2	1,023814E+3	3,516095E+4
2,709328E+2	1,023371E+3	3,525512E+4
2,711295E+2	1,022972E+3	3,535604E+4
2,710096E+2	1,022597E+3	3,544803E+4
2,709780E+2	1,022083E+3	3,554321E+4
2,709848E+2	1,021753E+3	3,563929E+4
2,708296E+2	1,021286E+3	3,573721E+4
2,710330E+2	1,020889E+3	3,582181E+4
2,709889E+2	1,020513E+3	3,591730E+4
2,708830E+2	1,020108E+3	3,602738E+4
2,707594E+2	1,019658E+3	3,612164E+4
2,707590E+2	1,019292E+3	3,621594E+4
2,706276E+2	1,018980E+3	3,630066E+4
2,706398E+2	1,018490E+3	3,639634E+4
2,704503E+2	1,018064E+3	3,650425E+4
2,703697E+2	1,017689E+3	3,659612E+4
2,704501E+2	1,017217E+3	3,668373E+4
2,703030E+2	1,016854E+3	3,677948E+4
2,703628E+2	1,016469E+3	3,688987E+4
2,703585E+2	1,016030E+3	3,697679E+4
2,701613E+2	1,015665E+3	3,707458E+4
2,701173E+2	1,015250E+3	3,716522E+4
2,701924E+2	1,014855E+3	3,726512E+4
2,699889E+2	1,014435E+3	3,736502E+4
2,701886E+2	1,014044E+3	3,745985E+4
2,699062E+2	1,013665E+3	3,754696E+4
2,700445E+2	1,013254E+3	3,764177E+4
2,697184E+2	1,012858E+3	3,774288E+4
2,696818E+2	1,012480E+3	3,784761E+4
2,696625E+2	1,012037E+3	3,793110E+4
2,696552E+2	1,011663E+3	3,802787E+4
2,697232E+2	1,011282E+3	3,811539E+4
2,695410E+2	1,010915E+3	3,822828E+4
2,694677E+2	1,010539E+3	3,831527E+4
2,695233E+2	1,010119E+3	3,840251E+4
2,694180E+2	1,009747E+3	3,851140E+4
2,692625E+2	1,009373E+3	3,860341E+4
2,692326E+2	1,008958E+3	3,870185E+4
2,692890E+2	1,008588E+3	3,879904E+4
2,690952E+2	1,008188E+3	3,889038E+4
2,693124E+2	1,007733E+3	3,898348E+4
2,691213E+2	1,007377E+3	3,908444E+4
2,690556E+2	1,006968E+3	3,916995E+4
2,690227E+2	1,006513E+3	3,927337E+4
2,690784E+2	1,006174E+3	3,936783E+4
2,689532E+2	1,005745E+3	3,946466E+4
2,689389E+2	1,005383E+3	3,956450E+4
2,689403E+2	1,005018E+3	3,965266E+4
2,688420E+2	1,004643E+3	3,975047E+4
2,688313E+2	1,004225E+3	3,985008E+4
2,687910E+2	1,003906E+3	3,995061E+4
2,688251E+2	1,003482E+3	4,002970E+4
2,688404E+2	1,003118E+3	4,012307E+4
2,684831E+2	1,002719E+3	4,022372E+4
2,684041E+2	1,002360E+3	4,032911E+4
2,683975E+2	1,001978E+3	4,041011E+4
2,684813E+2	1,001570E+3	4,051328E+4
2,685118E+2	1,001243E+3	4,061912E+4
2,683526E+2	1,000901E+3	4,069941E+4
2,681644E+2	1,000440E+3	4,080410E+4
2,682410E+2	1,000078E+3	4,089181E+4
2,682613E+2	9,997314E+2	4,098539E+4
2,682648E+2	9,993341E+2	4,107856E+4
2,682939E+2	9,989930E+2	4,116585E+4
2,682017E+2	9,986116E+2	4,127522E+4
2,681716E+2	9,982625E+2	4,136884E+4
2,682174E+2	9,978358E+2	4,146833E+4
2,682139E+2	9,975333E+2	4,155343E+4
2,681357E+2	9,971504E+2	4,165499E+4
2,679530E+2	9,967241E+2	4,173914E+4
2,680671E+2	9,964132E+2	4,183385E+4
2,679504E+2	9,960625E+2	4,194203E+4
2,678482E+2	9,956142E+2	4,203039E+4
2,679816E+2	9,952892E+2	4,213449E+4
2,678213E+2	9,949312E+2	4,222950E+4
2,678011E+2	9,945531E+2	4,231781E+4
2,677213E+2	9,941483E+2	4,240374E+4
2,675812E+2	9,938537E+2	4,248683E+4
2,677191E+2	9,934436E+2	4,259585E+4
2,675723E+2	9,930921E+2	4,269221E+4
2,674702E+2	9,927060E+2	4,277166E+4
2,672368E+2	9,923553E+2	4,287528E+4
2,674152E+2	9,920491E+2	4,296992E+4
2,672340E+2	9,916204E+2	4,307207E+4
2,673353E+2	9,913154E+2	4,315382E+4
2,673672E+2	9,909843E+2	4,323807E+4
2,672446E+2	9,906011E+2	4,334165E+4
2,670735E+2	9,902710E+2	4,343705E+4
2,670344E+2	9,898875E+2	4,353936E+4
2,670121E+2	9,895265E+2	4,362297E+4
2,668878E+2	9,891482E+2	4,373063E+4
2,668062E+2	9,888229E+2	4,381397E+4
2,670575E+2	9,884526E+2	4,390993E+4
2,671119E+2	9,881435E+2	4,399824E+4
2,669721E+2	9,877893E+2	4,408593E+4
2,670092E+2	9,874045E+2	4,418144E+4
2,668429E+2	9,870413E+2	4,428750E+4
2,667850E+2	9,866716E+2	4,438347E+4
2,670072E+2	9,863956E+2	4,445573E+4
2,667013E+2	9,859849E+2	4,456568E+4
2,667872E+2	9,856991E+2	4,465313E+4
2,666514E+2	9,852549E+2	4,475882E+4
2,665593E+2	9,849962E+2	4,484188E+4
2,666570E+2	9,846413E+2	4,494256E+4
2,664684E+2	9,842815E+2	4,501854E+4
2,662983E+2	9,839330E+2	4,512695E+4
2,663551E+2	9,835402E+2	4,522147E+4
2,664258E+2	9,832193E+2	4,529477E+4
2,664334E+2	9,829374E+2	4,538927E+4
2,664075E+2	9,825325E+2	4,549231E+4
2,661003E+2	9,822346E+2	4,557549E+4
2,662560E+2	9,818142E+2	4,569339E+4
2,660846E+2	9,814510E+2	4,577435E+4
2,661530E+2	9,811319E+2	4,586828E+4
2,661130E+2	9,807274E+2	4,594695E+4
2,660775E+2	9,804164E+2	4,604675E+4
2,661052E+2	9,801777E+2	4,613694E+4
2,661061E+2	9,796951E+2	4,623495E+4
2,660663E+2	9,793736E+2	4,632564E+4
2,659341E+2	9,791391E+2	4,640905E+4
2,660172E+2	9,787596E+2	4,651261E+4
2,658776E+2	9,784067E+2	4,661057E+4
2,658499E+2	9,780941E+2	4,670030E+4
2,658023E+2	9,777539E+2	4,679060E+4
2,658136E+2	9,774187E+2	4,688184E+4
2,656969E+2	9,771026E+2	4,696578E+4
2,658488E+2	9,767838E+2	4,704907E+4
2,658387E+2	9,763588E+2	4,715838E+4
2,657881E+2	9,761021E+2	4,724145E+4
2,656164E+2	9,757852E+2	4,734438E+4
2,655942E+2	9,754673E+2	4,742705E+4
2,655092E+2	9,751141E+2	4,752848E+4
2,656695E+2	9,747800E+2	4,759450E+4
2,653933E+2	9,744295E+2	4,770645E+4
2,655808E+2	9,741197E+2	4,779778E+4
2,655867E+2	9,738059E+2	4,789107E+4
2,655753E+2	9,734434E+2	4,798664E+4
2,653710E+2	9,731260E+2	4,805573E+4
2,655063E+2	9,728166E+2	4,816169E+4
2,653395E+2	9,724914E+2	4,824980E+4
2,653310E+2	9,722104E+2	4,834879E+4
2,654652E+2	9,718712E+2	4,842693E+4
2,654516E+2	9,715377E+2	4,852149E+4
2,651386E+2	9,711773E+2	4,860062E+4
2,651174E+2	9,709333E+2	4,869441E+4
2,652326E+2	9,705908E+2	4,878735E+4
2,651945E+2	9,702562E+2	4,888292E+4
2,651350E+2	9,699126E+2	4,897207E+4
2,650479E+2	9,695846E+2	4,905777E+4
2,652243E+2	9,692838E+2	4,915116E+4
2,650527E+2	9,690126E+2	4,923741E+4
2,650177E+2	9,686277E+2	4,932483E+4
2,649083E+2	9,683469E+2	4,943529E+4
2,649939E+2	9,680145E+2	4,952129E+4
2,649243E+2	9,677525E+2	4,960390E+4
2,648910E+2	9,674025E+2	4,968336E+4
2,647795E+2	9,670361E+2	4,978397E+4
2,648257E+2	9,667512E+2	4,987361E+4
2,648483E+2	9,664307E+2	4,995930E+4
2,647376E+2	9,660997E+2	5,003577E+4
2,647729E+2	9,658312E+2	5,012382E+4
2,647310E+2	9,655411E+2	5,020865E+4
2,646430E+2	9,651688E+2	5,031689E+4
2,645678E+2	9,649063E+2	5,040141E+4
2,646554E+2	9,645012E+2	5,049531E+4
2,645664E+2	9,642593E+2	5,057589E+4
2,645632E+2	9,639630E+2	5,067348E+4
2,645229E+2	9,636491E+2	5,075492E+4
2,646152E+2	9,633682E+2	5,085383E+4
2,643977E+2	9,630438E+2	5,092502E+4
2,644636E+2	9,627513E+2	5,102305E+4
2,644400E+2	9,624206E+2	5,110910E+4
2,645585E+2	9,622256E+2	5,118418E+4
2,642584E+2	9,618428E+2	5,128993E+4
2,641900E+2	9,615252E+2	5,138384E+4
2,642624E+2	9,612546E+2	5,145659E+4
2,641661E+2	9,609097E+2	5,155491E+4
2,643497E+2	9,606200E+2	5,163994E+4
2,641384E+2	9,603537E+2	5,172934E+4
2,641824E+2	9,600096E+2	5,182606E+4
2,640883E+2	9,596878E+2	5,190501E+4
2,641117E+2	9,594549E+2	5,198980E+4
2,641773E+2	9,591430E+2	5,208122E+4
2,641093E+2	9,588492E+2	5,215104E+4
2,638940E+2	9,585138E+2	5,224770E+4
2,638901E+2	9,582638E+2	5,234103E+4
2,639589E+2	9,580006E+2	5,242027E+4
2,637881E+2	9,576834E+2	5,251754E+4
2,638532E+2	9,573830E+2	5,259875E+4
2,639640E+2	9,571290E+2	5,268153E+4
2,638709E+2	9,567846E+2	5,276904E+4
2,638873E+2	9,565235E+2	5,286313E+4
2,636866E+2	9,562175E+2	5,295578E+4
2,638597E+2	9,559082E+2	5,303819E+4
2,638893E+2	9,555790E+2	5,311306E+4
2,635863E+2	9,553607E+2	5,319322E+4
2,637468E+2	9,550278E+2	5,329505E+4
2,636415E+2	9,547719E+2	5,337463E+4
2,634870E+2	9,545407E+2	5,345974E+4
2,634959E+2	9,542219E+2	5,354451E+4
2,635487E+2	9,539598E+2	5,361457E+4
2,636161E+2	9,535743E+2	5,369975E+4
2,634584E+2	9,533268E+2	5,379076E+4
2,633201E+2	9,531025E+2	5,388690E+4
2,633561E+2	9,527149E+2	5,398824E+4
2,634180E+2	9,524685E+2	5,404948E+4
2,634821E+2	9,522569E+2	5,414599E+4
2,632138E+2	9,518899E+2	5,423218E+4
2,631250E+2	9,516227E+2	5,431847E+4
2,632897E+2	9,513662E+2	5,440471E+4
2,632764E+2	9,511106E+2	5,448138E+4
2,633529E+2	9,508478E+2	5,455798E+4
2,632570E+2	9,505033E+2	5,465476E+4
2,632116E+2	9,503178E+2	5,474876E+4
2,631463E+2	9,499918E+2	5,481994E+4
2,629668E+2	9,496609E+2	5,491482E+4
2,630539E+2	9,493702E+2	5,498323E+4
2,628564E+2	9,490694E+2	5,507357E+4
2,631155E+2	9,488649E+2	5,515878E+4
2,628438E+2	9,485591E+2	5,525107E+4
2,630148E+2	9,482911E+2	5,534232E+4
2,629775E+2	9,479882E+2	5,540181E+4
2,629538E+2	9,477390E+2	5,548606E+4
2,630472E+2	9,474405E+2	5,558372E+4
2,628074E+2	9,472353E+2	5,567159E+4
2,628932E+2	9,469200E+2	5,573728E+4
2,628099E+2	9,466376E+2	5,583789E+4
2,626474E+2	9,463653E+2	5,590530E+4
2,628798E+2	9,461613E+2	5,600491E+4
2,627001E+2	9,458485E+2	5,607382E+4
2,625319E+2	9,456080E+2	5,616270E+4
2,626107E+2	9,453035E+2	5,624219E+4
2,626531E+2	9,450384E+2	5,631698E+4
2,626470E+2	9,448035E+2	5,638712E+4
2,625122E+2	9,445230E+2	5,647823E+4
2,622966E+2	9,442564E+2	5,656986E+4
2,623048E+2	9,439962E+2	5,663523E+4
2,625079E+2	9,437420E+2	5,671706E+4
2,624878E+2	9,434027E+2	5,680829E+4
2,625004E+2	9,432178E+2	5,690517E+4
2,622623E+2	9,429137E+2	5,699090E+4
2,624518E+2	9,426534E+2	5,707163E+4
2,624390E+2	9,424157E+2	5,715214E+4
2,622264E+2	9,421565E+2	5,723139E+4
2,624139E+2	9,418878E+2	5,730932E+4
2,620896E+2	9,416175E+2	5,738627E+4
2,621232E+2	9,413920E+2	5,748404E+4
2,621971E+2	9,411211E+2	5,753954E+4
2,620985E+2	9,408410E+2	5,764416E+4
2,621593E+2	9,405751E+2	5,770457E+4
2,621389E+2	9,403389E+2	5,781096E+4
2,621488E+2	9,400467E+2	5,788287E+4
2,620453E+2	9,398006E+2	5,796326E+4
2,620521E+2	9,395458E+2	5,801465E+4
2,619780E+2	9,392717E+2	5,810903E+4
2,619148E+2	9,390639E+2	5,819497E+4
2,621786E+2	9,387882E+2	5,826209E+4
2,620302E+2	9,385342E+2	5,835927E+4
2,621180E+2	9,382679E+2	5,842969E+4
2,619333E+2	9,380379E+2	5,851477E+4
2,618949E+2	9,377416E+2	5,858221E+4
2,619455E+2	9,374816E+2	5,867705E+4
2,619422E+2	9,372542E+2	5,874861E+4
2,616303E+2	9,369888E+2	5,882523E+4
2,620020E+2	9,367630E+2	5,889030E+4
2,618855E+2	9,365657E+2	5,897980E+4
2,618297E+2	9,363139E+2	5,908711E+4
2,618716E+2	9,360191E+2	5,915316E+4
2,618980E+2	9,357786E+2	5,921715E+4
2,617277E+2	9,355525E+2	5,928645E+4
2,615999E+2	9,353025E+2	5,937771E+4
2,617134E+2	9,350602E+2	5,946196E+4
2,616670E+2	9,347658E+2	5,954128E+4
2,617350E+2	9,345397E+2	5,962853E+4
2,617830E+2	9,343018E+2	5,968009E+4
2,615834E+2	9,340885E+2	5,977475E+4
2,615639E+2	9,337560E+2	5,986518E+4
2,615915E+2	9,335343E+2	5,993032E+4
2,613667E+2	9,333241E+2	6,002411E+4
2,615520E+2	9,330641E+2	6,008135E+4
2,613900E+2	9,328135E+2	6,015274E+4
2,615050E+2	9,325631E+2	6,025561E+4
2,614451E+2	9,323555E+2	6,030069E+4
2,615599E+2	9,321259E+2	6,039588E+4
2,614112E+2	9,318842E+2	6,046450E+4
2,612758E+2	9,316278E+2	6,057920E+4
2,613063E+2	9,313853E+2	6,060036E+4
2,614023E+2	9,311741E+2	6,069648E+4
2,614052E+2	9,309426E+2	6,079161E+4
2,613902E+2	9,307539E+2	6,086202E+4
2,611951E+2	9,304799E+2	6,093358E+4
2,612442E+2	9,302268E+2	6,102508E+4
2,612222E+2	9,299926E+2	6,109323E+4
2,612054E+2	9,297377E+2	6,117771E+4
2,612112E+2	9,295128E+2	6,125633E+4
2,610278E+2	9,292495E+2	6,131695E+4
2,610039E+2	9,290975E+2	6,139155E+4
2,610851E+2	9,288008E+2	6,149955E+4
2,610536E+2	9,285708E+2	6,155984E+4
2,610462E+2	9,283155E+2	6,165631E+4
2,609834E+2	9,280965E+2	6,173713E+4
2,610719E+2	9,278351E+2	6,181681E+4
2,610438E+2	9,276545E+2	6,191078E+4
2,609226E+2	9,273829E+2	6,198002E+4
2,607524E+2	9,271882E+2	6,207689E+4
2,607746E+2	9,269675E+2	6,216271E+4
2,607905E+2	9,266878E+2	6,225818E+4
2,608566E+2	9,264767E+2	6,230705E+4
2,607928E+2	9,261909E+2	6,241395E+4
2,608027E+2	9,260200E+2	6,250369E+4
2,608941E+2	9,257426E+2	6,257163E+4
2,607810E+2	9,255793E+2	6,266998E+4
2,608045E+2	9,252887E+2	6,275584E+4
2,606600E+2	9,250793E+2	6,285510E+4
2,607223E+2	9,248343E+2	6,294451E+4
2,606130E+2	9,246233E+2	6,301560E+4
2,606036E+2	9,243825E+2	6,309845E+4
2,604820E+2	9,241002E+2	6,318305E+4
2,606418E+2	9,239098E+2	6,326246E+4
2,604912E+2	9,237296E+2	6,334304E+4
2,604986E+2	9,234198E+2	6,342736E+4
2,604014E+2	9,232581E+2	6,351447E+4
2,604320E+2	9,230220E+2	6,359937E+4
2,604214E+2	9,227430E+2	6,371581E+4
2,605453E+2	9,225833E+2	6,380932E+4
2,604660E+2	9,223143E+2	6,386944E+4
2,604212E+2	9,221170E+2	6,394496E+4
2,602974E+2	9,218316E+2	6,405768E+4
2,602793E+2	9,216637E+2	6,412799E+4
2,604164E+2	9,214253E+2	6,422673E+4
2,603399E+2	9,212050E+2	6,432598E+4
2,602252E+2	9,209510E+2	6,440078E+4
2,600463E+2	9,207796E+2	6,449031E+4
2,602301E+2	9,205453E+2	6,458251E+4
2,601520E+2	9,203357E+2	6,465705E+4
2,602390E+2	9,200822E+2	6,477592E+4
2,599801E+2	9,199119E+2	6,482643E+4
2,600453E+2	9,196412E+2	6,493613E+4
2,600047E+2	9,193768E+2	6,502967E+4
2,600592E+2	9,191436E+2	6,512123E+4
2,599342E+2	9,189929E+2	6,522090E+4
2,599018E+2	9,187349E+2	6,528381E+4
2,599575E+2	9,184717E+2	6,539826E+4
2,598941E+2	9,182884E+2	6,547116E+4
2,597697E+2	9,179849E+2	6,555426E+4
2,599262E+2	9,178643E+2	6,564661E+4
2,597898E+2	9,175710E+2	6,574036E+4
2,598507E+2	9,173929E+2	6,581242E+4
2,597651E+2	9,172016E+2	6,592804E+4
2,597350E+2	9,169553E+2	6,598514E+4
2,597347E+2	9,167480E+2	6,609602E+4
2,595826E+2	9,164977E+2	6,617893E+4
2,597889E+2	9,163260E+2	6,627758E+4
2,597511E+2	9,160344E+2	6,635836E+4
2,596749E+2	9,158825E+2	6,643626E+4
2,597719E+2	9,156134E+2	6,651276E+4
2,597690E+2	9,153913E+2	6,660855E+4
2,594375E+2	9,152176E+2	6,671864E+4
2,596863E+2	9,149423E+2	6,677327E+4
2,595305E+2	9,148113E+2	6,688599E+4
2,597366E+2	9,145616E+2	6,698493E+4
2,595715E+2	9,143302E+2	6,708496E+4
2,595534E+2	9,141077E+2	6,718572E+4
2,593680E+2	9,139400E+2	6,726653E+4
2,593364E+2	9,136684E+2	6,733995E+4
2,595756E+2	9,135269E+2	6,741009E+4
2,593346E+2	9,132703E+2	6,751477E+4
2,595351E+2	9,130471E+2	6,760499E+4
2,595403E+2	9,127650E+2	6,768831E+4
2,593042E+2	9,125940E+2	6,779983E+4
2,593549E+2	9,124640E+2	6,784186E+4
2,592414E+2	9,122268E+2	6,795922E+4
2,590910E+2	9,119915E+2	6,806186E+4
2,593267E+2	9,117505E+2	6,810545E+4
2,591800E+2	9,115865E+2	6,822301E+4
2,590976E+2	9,113500E+2	6,831222E+4
2,591865E+2	9,111452E+2	6,839223E+4
2,591857E+2	9,108957E+2	6,847025E+4
2,591519E+2	9,107399E+2	6,855472E+4
2,589931E+2	9,105453E+2	6,862373E+4
2,590194E+2	9,102879E+2	6,875287E+4
2,590820E+2	9,100772E+2	6,881919E+4
2,587725E+2	9,098472E+2	6,892491E+4
2,587612E+2	9,096489E+2	6,901060E+4
2,591108E+2	9,094825E+2	6,909142E+4
2,590433E+2	9,092597E+2	6,916584E+4
2,589658E+2	9,090736E+2	6,926172E+4
2,588274E+2	9,088663E+2	6,934350E+4
2,589085E+2	9,086299E+2	6,944230E+4
2,591830E+2	9,084277E+2	6,951872E+4
2,587100E+2	9,082214E+2	6,960858E+4
2,587653E+2	9,080413E+2	6,972775E+4
2,588694E+2	9,077956E+2	6,978557E+4
2,584241E+2	9,076359E+2	6,989923E+4
2,585813E+2	9,074149E+2	6,999282E+4
2,585220E+2	9,072167E+2	7,006400E+4
2,586402E+2	9,070353E+2	7,013947E+4
2,586160E+2	9,068452E+2	7,022278E+4
2,586026E+2	9,065848E+2	7,034583E+4
2,586426E+2	9,063988E+2	7,039937E+4
2,587217E+2	9,061875E+2	7,049659E+4
2,587443E+2	9,060403E+2	7,058246E+4
2,583788E+2	9,057681E+2	7,067051E+4
2,585744E+2	9,055537E+2	7,074986E+4
2,585630E+2	9,054172E+2	7,085851E+4
2,582453E+2	9,051859E+2	7,096179E+4
2,582951E+2	9,049339E+2	7,103944E+4
2,583102E+2	9,047414E+2	7,115187E+4
2,582973E+2	9,045405E+2	7,121871E+4
2,583263E+2	9,044005E+2	7,129831E+4
2,583115E+2	9,041507E+2	7,139068E+4
2,583020E+2	9,040249E+2	7,147998E+4
2,582089E+2	9,038041E+2	7,158844E+4
2,580358E+2	9,035996E+2	7,166856E+4
2,580396E+2	9,033984E+2	7,178760E+4
2,581873E+2	9,031580E+2	7,186168E+4
2,581239E+2	9,029451E+2	7,196464E+4
2,580148E+2	9,027650E+2	7,205907E+4
2,580359E+2	9,025492E+2	7,215441E+4
2,580685E+2	9,023706E+2	7,223412E+4
2,580155E+2	9,021847E+2	7,233825E+4
2,579652E+2	9,020042E+2	7,242819E+4
2,578926E+2	9,017615E+2	7,252163E+4
2,581279E+2	9,015654E+2	7,261093E+4
2,579077E+2	9,013905E+2	7,269798E+4
2,578673E+2	9,012198E+2	7,281065E+4
2,579997E+2	9,010044E+2	7,285643E+4
2,578988E+2	9,007974E+2	7,297429E+4
2,579780E+2	9,005696E+2	7,307999E+4
2,576886E+2	9,004176E+2	7,318408E+4
2,577725E+2	9,001737E+2	7,328224E+4
2,577966E+2	8,999922E+2	7,335956E+4
2,580049E+2	8,997726E+2	7,343592E+4
2,576976E+2	8,996137E+2	7,355468E+4
2,575039E+2	8,994250E+2	7,364132E+4
2,575053E+2	8,992109E+2	7,374759E+4
2,574672E+2	8,989884E+2	7,381213E+4
2,575884E+2	8,987975E+2	7,391656E+4
2,577096E+2	8,986688E+2	7,400525E+4
2,576527E+2	8,983984E+2	7,412107E+4
2,574838E+2	8,982266E+2	7,420870E+4
2,575388E+2	8,980467E+2	7,428627E+4
2,574317E+2	8,978504E+2	7,437065E+4
2,575035E+2	8,976341E+2	7,446100E+4
2,574923E+2	8,975059E+2	7,457314E+4
2,574581E+2	8,972992E+2	7,465850E+4
2,573787E+2	8,970604E+2	7,476154E+4
2,574451E+2	8,968870E+2	7,486755E+4
2,573373E+2	8,966848E+2	7,496005E+4
2,572360E+2	8,964940E+2	7,506384E+4
2,572542E+2	8,963431E+2	7,512562E+4
2,572014E+2	8,961357E+2	7,525290E+4
2,571611E+2	8,959999E+2	7,531080E+4
2,570997E+2	8,957566E+2	7,543239E+4
2,572914E+2	8,955879E+2	7,551007E+4
2,571426E+2	8,954024E+2	7,558028E+4
2,570054E+2	8,951747E+2	7,566615E+4
2,572793E+2	8,949919E+2	7,580080E+4
2,570104E+2	8,948468E+2	7,590422E+4
2,569370E+2	8,945796E+2	7,598210E+4
2,571443E+2	8,943948E+2	7,605773E+4
2,570254E+2	8,942617E+2	7,616852E+4
2,569271E+2	8,940101E+2	7,626622E+4
2,570370E+2	8,938522E+2	7,634591E+4
2,569496E+2	8,937292E+2	7,645051E+4
2,567759E+2	8,934476E+2	7,654890E+4
2,569105E+2	8,933445E+2	7,662770E+4
2,567781E+2	8,930905E+2	7,673203E+4
2,569357E+2	8,929146E+2	7,681998E+4
2,567819E+2	8,927710E+2	7,690816E+4
2,569103E+2	8,925626E+2	7,699084E+4
2,569693E+2	8,924128E+2	7,708415E+4
2,568111E+2	8,921935E+2	7,719594E+4
2,568093E+2	8,919520E+2	7,727940E+4
2,566377E+2	8,918327E+2	7,734117E+4
2,566627E+2	8,916470E+2	7,745586E+4
2,566421E+2	8,914365E+2	7,754787E+4
2,566394E+2	8,912641E+2	7,765320E+4
2,564501E+2	8,910960E+2	7,774193E+4
2,564402E+2	8,909157E+2	7,783907E+4
2,565563E+2	8,907001E+2	7,791390E+4
2,565919E+2	8,905561E+2	7,799036E+4
2,564867E+2	8,903846E+2	7,810649E+4
2,564997E+2	8,901741E+2	7,816628E+4
2,566811E+2	8,900454E+2	7,827386E+4
2,567228E+2	8,897851E+2	7,839034E+4
2,564585E+2	8,896033E+2	7,847823E+4
2,565129E+2	8,894241E+2	7,854904E+4
2,564452E+2	8,892743E+2	7,863415E+4
2,565328E+2	8,890944E+2	7,873540E+4
2,564338E+2	8,888787E+2	7,881004E+4
2,564206E+2	8,887279E+2	7,892604E+4
2,563395E+2	8,885629E+2	7,904370E+4
2,563100E+2	8,883093E+2	7,909906E+4
2,564722E+2	8,882100E+2	7,920311E+4
2,562922E+2	8,879928E+2	7,929066E+4
2,563141E+2	8,878280E+2	7,935878E+4
2,561496E+2	8,876017E+2	7,946510E+4
2,561283E+2	8,874779E+2	7,955074E+4
2,562832E+2	8,872942E+2	7,965951E+4
2,563630E+2	8,871080E+2	7,971415E+4
2,562557E+2	8,869253E+2	7,983268E+4
2,562416E+2	8,867607E+2	7,989756E+4
2,561471E+2	8,865977E+2	8,001294E+4
2,561426E+2	8,863930E+2	8,004941E+4
2,561419E+2	8,862268E+2	8,016635E+4
2,560621E+2	8,860210E+2	8,027828E+4
2,562416E+2	8,858671E+2	8,034622E+4
2,561362E+2	8,857330E+2	8,043674E+4
2,558509E+2	8,855660E+2	8,052081E+4
2,559925E+2	8,853868E+2	8,061136E+4
2,560711E+2	8,851953E+2	8,068709E+4
2,559910E+2	8,850044E+2	8,077312E+4
2,559446E+2	8,848551E+2	8,088639E+4
2,558306E+2	8,846770E+2	8,094613E+4
2,558130E+2	8,845391E+2	8,104246E+4
2,560912E+2	8,843112E+2	8,109011E+4
2,559099E+2	8,841362E+2	8,120747E+4
2,557887E+2	8,839617E+2	8,130945E+4
2,556856E+2	8,838172E+2	8,141372E+4
2,557430E+2	8,836886E+2	8,148296E+4
2,558766E+2	8,834637E+2	8,156832E+4
2,559441E+2	8,833310E+2	8,163116E+4
2,558322E+2	8,831373E+2	8,174445E+4
2,559041E+2	8,829022E+2	8,183449E+4
2,556453E+2	8,827844E+2	8,187899E+4
2,557962E+2	8,826343E+2	8,199439E+4
2,557859E+2	8,825063E+2	8,206801E+4
2,557584E+2	8,822783E+2	8,216476E+4
2,556064E+2	8,821609E+2	8,227699E+4
2,557005E+2	8,819801E+2	8,233651E+4
2,557247E+2	8,817480E+2	8,238467E+4
2,557384E+2	8,815972E+2	8,252864E+4
2,556455E+2	8,814482E+2	8,260143E+4
2,555370E+2	8,812839E+2	8,273155E+4
2,555940E+2	8,811310E+2	8,276196E+4
2,554880E+2	8,809097E+2	8,283973E+4
2,555628E+2	8,807524E+2	8,289109E+4
2,555088E+2	8,806166E+2	8,303095E+4
2,556209E+2	8,804233E+2	8,309506E+4
2,554804E+2	8,802958E+2	8,318010E+4
2,553007E+2	8,800853E+2	8,325914E+4
2,556717E+2	8,799538E+2	8,334781E+4
2,555742E+2	8,797844E+2	8,340578E+4
2,554283E+2	8,796703E+2	8,349868E+4
2,554008E+2	8,794496E+2	8,359148E+4
2,552453E+2	8,792650E+2	8,367787E+4
2,551697E+2	8,791622E+2	8,377698E+4
2,551912E+2	8,789921E+2	8,386913E+4
2,552502E+2	8,788325E+2	8,389845E+4
2,552380E+2	8,786281E+2	8,402882E+4
2,551600E+2	8,785219E+2	8,412421E+4
2,550939E+2	8,783613E+2	8,418315E+4
2,552839E+2	8,781833E+2	8,422870E+4
2,550323E+2	8,779721E+2	8,435255E+4
2,551459E+2	8,778690E+2	8,444926E+4
2,550621E+2	8,776787E+2	8,449796E+4
2,552788E+2	8,775478E+2	8,455025E+4
2,551014E+2	8,773383E+2	8,468923E+4
2,552753E+2	8,772138E+2	8,470231E+4
2,552751E+2	8,770760E+2	8,480796E+4
2,551647E+2	8,768827E+2	8,491847E+4
2,550656E+2	8,767047E+2	8,498478E+4
2,552982E+2	8,765753E+2	8,507681E+4
2,552033E+2	8,764216E+2	8,514026E+4
2,551242E+2	8,762643E+2	8,520797E+4
2,550308E+2	8,761484E+2	8,529477E+4
2,551398E+2	8,760033E+2	8,536657E+4
2,552073E+2	8,758060E+2	8,546703E+4
2,550493E+2	8,756219E+2	8,555736E+4
2,550443E+2	8,755472E+2	8,563533E+4
2,550385E+2	8,753615E+2	8,570628E+4
2,551163E+2	8,751561E+2	8,575761E+4
2,550486E+2	8,749765E+2	8,583608E+4
2,548754E+2	8,748520E+2	8,593908E+4
2,551107E+2	8,747148E+2	8,601382E+4
2,548767E+2	8,745683E+2	8,609318E+4
2,549983E+2	8,744070E+2	8,613124E+4
2,547860E+2	8,742858E+2	8,625649E+4
2,548714E+2	8,741818E+2	8,629822E+4
2,546761E+2	8,739724E+2	8,641931E+4
2,546295E+2	8,737955E+2	8,647826E+4
2,547153E+2	8,736370E+2	8,660657E+4
2,548362E+2	8,734952E+2	8,664243E+4
2,546654E+2	8,732901E+2	8,673303E+4
2,547589E+2	8,731588E+2	8,677584E+4
2,548317E+2	8,730123E+2	8,682795E+4
2,549408E+2	8,729007E+2	8,695854E+4
2,547838E+2	8,727146E+2	8,701976E+4
2,548376E+2	8,725367E+2	8,709149E+4
2,548304E+2	8,724242E+2	8,716281E+4
2,547903E+2	8,723436E+2	8,724407E+4
2,546471E+2	8,721526E+2	8,732392E+4
2,545663E+2	8,720159E+2	8,737051E+4
2,545735E+2	8,718620E+2	8,750956E+4
2,546359E+2	8,717469E+2	8,752358E+4
2,546068E+2	8,715421E+2	8,759843E+4
2,545211E+2	8,714464E+2	8,767371E+4
2,547976E+2	8,712847E+2	8,773578E+4
2,545470E+2	8,711328E+2	8,785989E+4
2,544913E+2	8,709743E+2	8,790519E+4
2,545563E+2	8,708365E+2	8,799014E+4
2,544679E+2	8,707343E+2	8,805532E+4
2,545814E+2	8,705666E+2	8,812202E+4
2,544805E+2	8,703752E+2	8,821929E+4
2,545172E+2	8,702535E+2	8,829785E+4
2,546064E+2	8,700861E+2	8,837457E+4
2,543636E+2	8,699437E+2	8,839158E+4
2,545268E+2	8,697854E+2	8,850394E+4
2,543616E+2	8,696263E+2	8,858028E+4
2,543803E+2	8,694962E+2	8,867157E+4
2,543411E+2	8,693591E+2	8,874551E+4
2,544169E+2	8,692239E+2	8,879966E+4
2,544277E+2	8,690689E+2	8,884826E+4
2,543578E+2	8,688874E+2	8,897308E+4
2,543978E+2	8,687933E+2	8,898849E+4
2,542949E+2	8,686604E+2	8,905517E+4
2,544403E+2	8,685298E+2	8,913692E+4
2,543796E+2	8,683729E+2	8,922547E+4
2,544206E+2	8,682058E+2	8,930057E+4
2,541848E+2	8,680728E+2	8,939052E+4
2,542127E+2	8,679771E+2	8,943387E+4
2,542983E+2	8,677753E+2	8,951507E+4
2,542400E+2	8,676380E+2	8,957947E+4
2,540778E+2	8,675752E+2	8,963661E+4
2,543053E+2	8,673970E+2	8,971299E+4
2,542670E+2	8,672704E+2	8,978094E+4
2,542195E+2	8,671316E+2	8,987817E+4
2,543656E+2	8,669618E+2	8,996272E+4
2,542283E+2	8,668441E+2	8,998313E+4
2,542664E+2	8,667002E+2	9,007271E+4
2,542518E+2	8,665674E+2	9,017520E+4
2,542627E+2	8,664583E+2	9,024396E+4
2,543357E+2	8,662726E+2	9,029865E+4
2,541595E+2	8,661443E+2	9,035929E+4
2,541241E+2	8,660254E+2	9,044284E+4
2,542023E+2	8,658630E+2	9,048824E+4
2,540263E+2	8,657622E+2	9,058614E+4
2,540206E+2	8,655927E+2	9,065383E+4
2,540827E+2	8,654731E+2	9,067429E+4
2,539934E+2	8,653470E+2	9,080084E+4
2,540154E+2	8,651863E+2	9,079858E+4
2,540321E+2	8,650772E+2	9,092409E+4
2,538741E+2	8,649035E+2	9,098348E+4
2,539422E+2	8,648080E+2	9,105484E+4
2,539481E+2	8,646725E+2	9,114444E+4
2,539041E+2	8,645770E+2	9,123355E+4
2,539262E+2	8,644009E+2	9,127640E+4
2,540353E+2	8,642350E+2	9,127586E+4
2,538165E+2	8,641461E+2	9,137681E+4
2,537815E+2	8,640296E+2	9,142812E+4
2,538982E+2	8,638913E+2	9,148875E+4
2,538381E+2	8,637451E+2	9,158609E+4
2,538768E+2	8,636429E+2	9,162660E+4
2,538471E+2	8,634575E+2	9,171628E+4
2,538786E+2	8,633263E+2	9,178550E+4
2,536862E+2	8,631829E+2	9,185743E+4
2,539026E+2	8,630438E+2	9,193127E+4
2,538657E+2	8,629701E+2	9,197054E+4
2,538264E+2	8,628099E+2	9,204544E+4
2,538251E+2	8,626364E+2	9,210812E+4
2,538517E+2	8,625866E+2	9,217497E+4
2,538021E+2	8,623883E+2	9,222257E+4
2,536564E+2	8,623162E+2	9,234260E+4
2,536312E+2	8,621536E+2	9,232877E+4
2,537014E+2	8,619965E+2	9,246629E+4
2,535188E+2	8,619188E+2	9,250943E+4
2,537706E+2	8,617909E+2	9,258131E+4
2,538698E+2	8,616489E+2	9,259535E+4
2,537155E+2	8,615215E+2	9,268784E+4
2,538240E+2	8,613725E+2	9,275609E+4
2,539277E+2	8,612623E+2	9,282466E+4
2,537718E+2	8,610947E+2	9,290355E+4
2,536859E+2	8,609896E+2	9,295082E+4
2,537209E+2	8,608547E+2	9,303702E+4
2,535650E+2	8,608068E+2	9,307663E+4
2,536440E+2	8,606348E+2	9,316863E+4
2,535525E+2	8,605053E+2	9,322607E+4
2,536624E+2	8,603565E+2	9,322788E+4
2,534938E+2	8,602668E+2	9,332446E+4
2,535237E+2	8,600981E+2	9,338545E+4
2,535210E+2	8,600223E+2	9,344395E+4
2,535605E+2	8,598898E+2	9,354236E+4
2,535213E+2	8,597368E+2	9,354478E+4
2,534845E+2	8,596319E+2	9,364562E+4
2,534989E+2	8,594877E+2	9,371980E+4
2,534864E+2	8,593290E+2	9,377471E+4
2,533669E+2	8,591851E+2	9,384455E+4
2,534834E+2	8,591169E+2	9,391265E+4
2,534782E+2	8,590028E+2	9,397571E+4
2,534464E+2	8,588689E+2	9,400799E+4
2,534840E+2	8,586876E+2	9,406084E+4
2,534558E+2	8,586261E+2	9,410260E+4
2,533962E+2	8,584922E+2	9,416432E+4
2,534566E+2	8,583701E+2	9,425451E+4
2,534835E+2	8,583051E+2	9,429855E+4
2,533113E+2	8,580927E+2	9,433211E+4
2,534654E+2	8,580217E+2	9,439574E+4
2,534049E+2	8,578390E+2	9,452373E+4
2,532750E+2	8,578287E+2	9,454726E+4
2,534893E+2	8,576751E+2	9,461080E+4
2,532427E+2	8,575436E+2	9,470610E+4
2,533127E+2	8,573569E+2	9,473014E+4
2,533045E+2	8,573146E+2	9,479107E+4
2,533405E+2	8,572149E+2	9,485905E+4
2,533029E+2	8,571155E+2	9,491218E+4
2,532742E+2	8,569459E+2	9,497896E+4
2,531582E+2	8,568534E+2	9,501715E+4
2,531317E+2	8,567352E+2	9,509049E+4
2,531595E+2	8,566327E+2	9,516898E+4
2,532028E+2	8,565026E+2	9,523472E+4
2,531393E+2	8,564194E+2	9,527968E+4
2,530870E+2	8,562468E+2	9,537324E+4
2,531334E+2	8,561808E+2	9,542758E+4
2,530637E+2	8,560405E+2	9,544830E+4
2,531290E+2	8,559405E+2	9,548498E+4
2,531819E+2	8,557672E+2	9,552995E+4
2,531110E+2	8,557213E+2	9,565494E+4
2,527971E+2	8,555838E+2	9,570141E+4
2,532680E+2	8,554561E+2	9,570573E+4
2,531749E+2	8,553696E+2	9,581614E+4
2,529707E+2	8,552011E+2	9,584347E+4
2,531725E+2	8,551718E+2	9,592135E+4
2,530842E+2	8,549715E+2	9,597140E+4
2,529666E+2	8,548976E+2	9,604771E+4
2,530574E+2	8,547403E+2	9,609206E+4
2,529459E+2	8,546473E+2	9,614984E+4
2,531185E+2	8,545357E+2	9,623990E+4
2,529878E+2	8,544450E+2	9,630985E+4
2,531603E+2	8,542875E+2	9,629877E+4
2,528771E+2	8,541806E+2	9,635318E+4
2,528921E+2	8,541183E+2	9,641589E+4
2,529378E+2	8,539480E+2	9,654774E+4
2,529478E+2	8,538835E+2	9,651229E+4
2,530380E+2	8,537587E+2	9,659667E+4
2,529431E+2	8,536647E+2	9,664673E+4
2,529130E+2	8,535291E+2	9,671273E+4
2,528256E+2	8,534722E+2	9,675350E+4
2,528960E+2	8,533049E+2	9,684171E+4
2,530437E+2	8,532119E+2	9,688282E+4
2,528262E+2	8,531200E+2	9,688822E+4
2,527925E+2	8,529851E+2	9,701029E+4
2,527454E+2	8,528602E+2	9,702638E+4
2,528664E+2	8,528261E+2	9,707433E+4
2,529275E+2	8,526814E+2	9,715124E+4
2,528826E+2	8,525804E+2	9,721429E+4
2,530241E+2	8,524706E+2	9,724121E+4
2,527680E+2	8,523504E+2	9,729882E+4
2,527202E+2	8,523007E+2	9,731644E+4
2,526909E+2	8,521381E+2	9,739418E+4
2,528688E+2	8,519998E+2	9,750967E+4
2,528340E+2	8,519127E+2	9,748744E+4
2,528031E+2	8,517877E+2	9,759575E+4
2,528293E+2	8,517650E+2	9,762666E+4
2,527217E+2	8,516140E+2	9,773915E+4
2,528581E+2	8,515290E+2	9,775188E+4
2,528548E+2	8,514288E+2	9,783167E+4
2,528579E+2	8,512926E+2	9,784683E+4
2,528488E+2	8,511880E+2	9,787848E+4
2,528890E+2	8,510947E+2	9,795981E+4
2,526542E+2	8,509492E+2	9,800395E+4
2,528440E+2	8,509023E+2	9,807863E+4
2,527459E+2	8,507944E+2	9,812382E+4
2,526933E+2	8,506760E+2	9,816687E+4
2,529486E+2	8,505610E+2	9,818532E+4
2,528038E+2	8,504830E+2	9,827373E+4
2,527464E+2	8,503667E+2	9,832340E+4
2,527376E+2	8,502726E+2	9,835557E+4
2,527982E+2	8,501510E+2	9,837123E+4
2,529145E+2	8,500610E+2	9,841187E+4
2,527687E+2	8,499768E+2	9,852505E+4
2,526642E+2	8,498567E+2	9,860035E+4
2,526414E+2	8,498132E+2	9,860505E+4
2,526179E+2	8,496245E+2	9,872106E+4
2,528415E+2	8,495714E+2	9,870019E+4
2,526931E+2	8,494601E+2	9,880348E+4
2,527207E+2	8,493391E+2	9,880963E+4
2,526423E+2	8,492653E+2	9,888745E+4
2,525072E+2	8,491463E+2	9,892641E+4
2,526599E+2	8,490313E+2	9,899889E+4
2,526735E+2	8,489867E+2	9,904265E+4
2,525964E+2	8,488734E+2	9,907692E+4
2,524938E+2	8,487682E+2	9,914383E+4
2,524165E+2	8,486721E+2	9,915738E+4
2,526109E+2	8,485416E+2	9,927404E+4
2,525842E+2	8,484238E+2	9,928514E+4
2,525822E+2	8,483681E+2	9,935389E+4
2,525746E+2	8,482334E+2	9,943012E+4
2,525551E+2	8,481303E+2	9,943799E+4
2,524935E+2	8,480928E+2	9,952139E+4
2,525056E+2	8,479976E+2	9,951843E+4
2,525984E+2	8,478606E+2	9,957375E+4
2,524893E+2	8,477601E+2	9,967007E+4
2,524832E+2	8,477453E+2	9,967215E+4
2,526198E+2	8,475522E+2	9,973396E+4
2,524680E+2	8,475081E+2	9,976573E+4
2,525078E+2	8,473799E+2	9,987980E+4
2,525390E+2	8,473028E+2	9,986086E+4
2,524829E+2	8,471769E+2	9,992172E+4
2,524574E+2	8,471180E+2	9,997768E+4
2,524565E+2	8,470103E+2	1,000448E+5
2,523653E+2	8,469151E+2	1,001135E+5
2,521526E+2	8,468198E+2	1,001619E+5
2,523251E+2	8,467560E+2	1,001793E+5
2,522835E+2	8,466298E+2	1,002091E+5
2,523699E+2	8,465797E+2	1,002988E+5
2,523065E+2	8,464298E+2	1,002972E+5
2,522622E+2	8,463171E+2	1,003172E+5
2,522385E+2	8,462578E+2	1,003941E+5
2,523057E+2	8,461715E+2	1,004604E+5
2,522710E+2	8,460613E+2	1,004658E+5
2,523912E+2	8,459683E+2	1,005751E+5
2,523296E+2	8,458800E+2	1,006130E+5
2,523609E+2	8,458039E+2	1,006293E+5
2,522509E+2	8,457207E+2	1,006985E+5
2,523214E+2	8,456415E+2	1,007283E+5
2,522043E+2	8,455386E+2	1,007523E+5
2,522621E+2	8,454584E+2	1,008287E+5
2,521980E+2	8,453400E+2	1,009122E+5
2,523765E+2	8,452602E+2	1,009356E+5
2,521703E+2	8,451563E+2	1,009985E+5
2,521945E+2	8,450749E+2	1,010235E+5
2,521156E+2	8,449560E+2	1,010917E+5
2,520573E+2	8,448273E+2	1,011639E+5
2,521562E+2	8,447615E+2	1,011890E+5
2,521327E+2	8,446399E+2	1,011835E+5
2,520068E+2	8,445798E+2	1,012559E+5
2,521676E+2	8,444649E+2	1,012900E+5
2,523411E+2	8,443931E+2	1,013158E+5
2,521882E+2	8,442950E+2	1,013713E+5
2,522288E+2	8,442321E+2	1,013800E+5
2,523204E+2	8,441623E+2	1,014499E+5
2,523116E+2	8,440772E+2	1,014941E+5
2,522008E+2	8,439830E+2	1,015089E+5
2,521834E+2	8,438522E+2	1,015857E+5
2,520860E+2	8,438116E+2	1,016504E+5
2,521816E+2	8,436814E+2	1,016935E+5
2,521612E+2	8,435922E+2	1,017346E+5
2,522167E+2	8,435092E+2	1,017262E+5
2,521068E+2	8,434567E+2	1,017795E+5
2,521361E+2	8,433618E+2	1,018134E+5
2,523311E+2	8,432664E+2	1,018623E+5
2,521955E+2	8,432274E+2	1,019118E+5
2,522165E+2	8,431420E+2	1,019500E+5
2,521793E+2	8,430480E+2	1,020213E+5
2,521979E+2	8,429426E+2	1,020386E+5
2,520929E+2	8,428383E+2	1,020752E+5
2,521320E+2	8,427514E+2	1,021420E+5
2,519756E+2	8,426590E+2	1,021987E+5
2,520849E+2	8,425496E+2	1,022406E+5
2,521328E+2	8,424859E+2	1,022908E+5
2,520097E+2	8,424821E+2	1,023370E+5
2,521063E+2	8,423241E+2	1,023607E+5
2,520857E+2	8,422868E+2	1,023655E+5
2,519947E+2	8,421537E+2	1,025192E+5
2,519952E+2	8,420982E+2	1,025203E+5
2,520544E+2	8,420065E+2	1,025187E+5
2,522727E+2	8,419151E+2	1,025962E+5
2,518907E+2	8,418276E+2	1,026669E+5
2,520146E+2	8,417309E+2	1,026399E+5
2,517762E+2	8,416921E+2	1,027745E+5
2,519486E+2	8,416280E+2	1,027853E+5
2,519810E+2	8,414820E+2	1,028136E+5
2,519191E+2	8,413880E+2	1,028397E+5
2,519315E+2	8,413629E+2	1,028955E+5
2,520888E+2	8,412743E+2	1,029246E+5
2,519847E+2	8,412160E+2	1,030153E+5
2,519367E+2	8,410987E+2	1,030340E+5
2,519130E+2	8,410262E+2	1,030594E+5
2,518428E+2	8,409072E+2	1,031063E+5
2,519143E+2	8,409030E+2	1,031319E+5
2,519899E+2	8,407731E+2	1,031555E+5
2,518905E+2	8,406968E+2	1,032075E+5
2,517897E+2	8,405817E+2	1,033177E+5
2,519407E+2	8,405223E+2	1,032960E+5
2,519967E+2	8,404517E+2	1,033183E+5
2,521171E+2	8,403694E+2	1,034291E+5
2,519423E+2	8,403048E+2	1,033968E+5
2,519177E+2	8,402454E+2	1,034239E+5
2,517843E+2	8,400884E+2	1,034623E+5
2,518126E+2	8,400305E+2	1,035168E+5
2,519302E+2	8,399839E+2	1,035672E+5
2,518871E+2	8,399292E+2	1,036214E+5
2,517381E+2	8,397929E+2	1,036574E+5
2,518011E+2	8,397322E+2	1,037224E+5
2,518664E+2	8,396542E+2	1,037756E+5
2,518056E+2	8,395518E+2	1,037672E+5
2,518312E+2	8,394744E+2	1,037941E+5
2,519269E+2	8,394408E+2	1,038140E+5
2,518024E+2	8,393663E+2	1,039385E+5
2,519454E+2	8,392580E+2	1,039983E+5
2,518593E+2	8,391429E+2	1,039870E+5
2,520023E+2	8,391356E+2	1,039855E+5
2,519388E+2	8,390730E+2	1,040929E+5
2,518966E+2	8,389364E+2	1,041400E+5
2,519222E+2	8,388683E+2	1,041898E+5
2,518734E+2	8,387873E+2	1,041400E+5
2,518378E+2	8,387122E+2	1,042288E+5
2,519241E+2	8,386343E+2	1,042263E+5
2,517540E+2	8,385515E+2	1,042967E+5
2,518126E+2	8,385219E+2	1,043483E+5
2,517749E+2	8,384104E+2	1,043790E+5
2,517281E+2	8,383421E+2	1,044144E+5
2,516114E+2	8,382945E+2	1,044636E+5
2,518369E+2	8,381637E+2	1,044687E+5
2,516743E+2	8,381237E+2	1,045125E+5
2,516299E+2	8,380873E+2	1,046004E+5
2,518307E+2	8,379985E+2	1,046260E+5
2,518261E+2	8,378927E+2	1,046481E+5
2,516776E+2	8,378258E+2	1,047144E+5
2,517240E+2	8,377771E+2	1,046753E+5
2,518217E+2	8,376429E+2	1,047930E+5
2,516928E+2	8,375804E+2	1,047989E+5
2,517372E+2	8,374729E+2	1,048698E+5
2,516640E+2	8,374466E+2	1,048873E+5
2,516822E+2	8,373484E+2	1,048819E+5
2,517160E+2	8,373151E+2	1,049856E+5
2,516571E+2	8,372083E+2	1,049694E+5
2,516247E+2	8,372035E+2	1,050012E+5
2,518723E+2	8,370595E+2	1,050239E+5
2,517725E+2	8,369830E+2	1,050816E+5
2,516443E+2	8,369521E+2	1,051308E+5
2,516568E+2	8,368840E+2	1,051418E+5
2,517647E+2	8,368079E+2	1,051912E+5
2,517905E+2	8,366850E+2	1,052133E+5
2,517927E+2	8,366044E+2	1,052896E+5
2,518127E+2	8,365731E+2	1,052891E+5
2,518160E+2	8,364815E+2	1,052761E+5
2,518482E+2	8,364723E+2	1,054239E+5
2,515910E+2	8,363530E+2	1,054146E+5
2,517101E+2	8,363210E+2	1,054612E+5
2,516293E+2	8,362373E+2	1,055096E+5
2,515857E+2	8,362078E+2	1,055115E+5
2,516097E+2	8,360701E+2	1,055518E+5
2,515837E+2	8,359961E+2	1,056226E+5
2,515254E+2	8,359510E+2	1,056351E+5
2,514102E+2	8,358763E+2	1,057069E+5
2,516253E+2	8,358045E+2	1,057351E+5
2,517034E+2	8,357408E+2	1,057523E+5
2,514804E+2	8,356888E+2	1,057651E+5
2,516079E+2	8,356220E+2	1,057816E+5
2,515248E+2	8,355809E+2	1,058406E+5
2,515103E+2	8,354389E+2	1,058769E+5
2,514148E+2	8,353752E+2	1,059171E+5
2,514700E+2	8,353352E+2	1,059263E+5
2,515910E+2	8,352798E+2	1,059590E+5
2,515587E+2	8,351930E+2	1,060087E+5
2,514676E+2	8,351188E+2	1,060729E+5
2,516366E+2	8,350390E+2	1,061133E+5
2,515948E+2	8,349677E+2	1,060563E+5
2,515841E+2	8,349308E+2	1,061925E+5
2,514491E+2	8,348346E+2	1,062002E+5
2,514003E+2	8,348000E+2	1,062006E+5
2,516026E+2	8,346794E+2	1,062457E+5
2,516751E+2	8,346487E+2	1,062685E+5
2,514505E+2	8,345720E+2	1,063212E+5
2,516359E+2	8,344938E+2	1,063208E+5
2,513875E+2	8,344984E+2	1,064055E+5
2,515701E+2	8,343600E+2	1,064592E+5
2,515797E+2	8,343200E+2	1,064708E+5
2,513885E+2	8,342617E+2	1,064708E+5
2,514856E+2	8,341570E+2	1,065780E+5
2,514400E+2	8,341013E+2	1,065246E+5
2,515709E+2	8,340917E+2	1,065607E+5
2,515438E+2	8,340223E+2	1,065888E+5
2,515136E+2	8,339740E+2	1,066397E+5
2,514571E+2	8,338576E+2	1,067270E+5
2,513539E+2	8,337918E+2	1,067704E+5
2,514373E+2	8,337291E+2	1,067408E+5
2,513739E+2	8,336774E+2	1,067575E+5
2,513327E+2	8,335922E+2	1,068113E+5
2,513671E+2	8,335464E+2	1,068741E+5
2,514054E+2	8,334586E+2	1,068923E+5
2,515840E+2	8,334102E+2	1,068655E+5
2,514938E+2	8,332901E+2	1,069531E+5
2,514161E+2	8,332685E+2	1,070141E+5
2,514181E+2	8,332207E+2	1,070570E+5
2,516354E+2	8,331526E+2	1,069980E+5
2,514097E+2	8,331275E+2	1,070748E+5
2,514357E+2	8,330129E+2	1,070908E+5
2,514097E+2	8,330243E+2	1,071410E+5
2,512892E+2	8,328657E+2	1,072100E+5
2,515001E+2	8,328325E+2	1,071989E+5
2,513898E+2	8,328028E+2	1,072360E+5
2,513121E+2	8,327428E+2	1,072832E+5
2,512954E+2	8,326384E+2	1,072522E+5
2,512023E+2	8,325878E+2	1,073264E+5
