3,325323E+2	1,264666E+3	3,331039E+3
3,326401E+2	1,264913E+3	3,330591E+3
3,327033E+2	1,265228E+3	3,329647E+3
3,326784E+2	1,265442E+3	3,329967E+3
3,325001E+2	1,265592E+3	3,329554E+3
3,327224E+2	1,265985E+3	3,330083E+3
3,325445E+2	1,266157E+3	3,330539E+3
3,324122E+2	1,266415E+3	3,332167E+3
3,321311E+2	1,266663E+3	3,331790E+3
3,322053E+2	1,266909E+3	3,333058E+3
3,322201E+2	1,267128E+3	3,335076E+3
3,318701E+2	1,267412E+3	3,337893E+3
3,319151E+2	1,267623E+3	3,338506E+3
3,319754E+2	1,267727E+3	3,341124E+3
3,316836E+2	1,268012E+3	3,343514E+3
3,317959E+2	1,268227E+3	3,345691E+3
3,317289E+2	1,268395E+3	3,348892E+3
3,316752E+2	1,268596E+3	3,352213E+3
3,314238E+2	1,268865E+3	3,356661E+3
3,315549E+2	1,269014E+3	3,359680E+3
3,316073E+2	1,269202E+3	3,363814E+3
3,313436E+2	1,269331E+3	3,367810E+3
3,312018E+2	1,269503E+3	3,373347E+3
3,312145E+2	1,269656E+3	3,378906E+3
3,312261E+2	1,269911E+3	3,384302E+3
3,308333E+2	1,269983E+3	3,389599E+3
3,306017E+2	1,270089E+3	3,396845E+3
3,308371E+2	1,270255E+3	3,402705E+3
3,305922E+2	1,270472E+3	3,409414E+3
3,307365E+2	1,270588E+3	3,416519E+3
3,300730E+2	1,270721E+3	3,424063E+3
3,301913E+2	1,270854E+3	3,432138E+3
3,300186E+2	1,270975E+3	3,440431E+3
3,298854E+2	1,271045E+3	3,449470E+3
3,298743E+2	1,271083E+3	3,458417E+3
3,295669E+2	1,271241E+3	3,468412E+3
3,293866E+2	1,271267E+3	3,477478E+3
3,290913E+2	1,271411E+3	3,488319E+3
3,292216E+2	1,271434E+3	3,498112E+3
3,289867E+2	1,271598E+3	3,509110E+3
3,286262E+2	1,271590E+3	3,520253E+3
3,287651E+2	1,271569E+3	3,532394E+3
3,285322E+2	1,271711E+3	3,544444E+3
3,284498E+2	1,271646E+3	3,555577E+3
3,281987E+2	1,271663E+3	3,568596E+3
3,279329E+2	1,271780E+3	3,581810E+3
3,281167E+2	1,271755E+3	3,593891E+3
3,278819E+2	1,271867E+3	3,607586E+3
3,276625E+2	1,271718E+3	3,621805E+3
3,276009E+2	1,271757E+3	3,635714E+3
3,270693E+2	1,271806E+3	3,650230E+3
3,270048E+2	1,271695E+3	3,664336E+3
3,270202E+2	1,271735E+3	3,680034E+3
3,268739E+2	1,271644E+3	3,695218E+3
3,264878E+2	1,271638E+3	3,710539E+3
3,264183E+2	1,271672E+3	3,726432E+3
3,263394E+2	1,271563E+3	3,742144E+3
3,262226E+2	1,271559E+3	3,757755E+3
3,259023E+2	1,271428E+3	3,775254E+3
3,257308E+2	1,271341E+3	3,791145E+3
3,256158E+2	1,271375E+3	3,808368E+3
3,252765E+2	1,271207E+3	3,825737E+3
3,251644E+2	1,271136E+3	3,842660E+3
3,251542E+2	1,271121E+3	3,860309E+3
3,250989E+2	1,270936E+3	3,878605E+3
3,249049E+2	1,270923E+3	3,897541E+3
3,247053E+2	1,270783E+3	3,915649E+3
3,243637E+2	1,270707E+3	3,934144E+3
3,243055E+2	1,270495E+3	3,952730E+3
3,240660E+2	1,270397E+3	3,972685E+3
3,241802E+2	1,270269E+3	3,991915E+3
3,236066E+2	1,270154E+3	4,011797E+3
3,235935E+2	1,270007E+3	4,031683E+3
3,232906E+2	1,269875E+3	4,052647E+3
3,232089E+2	1,269716E+3	4,073168E+3
3,230793E+2	1,269548E+3	4,093207E+3
3,228898E+2	1,269400E+3	4,113693E+3
3,227582E+2	1,269260E+3	4,134978E+3
3,225090E+2	1,269027E+3	4,155675E+3
3,223611E+2	1,268934E+3	4,178293E+3
3,223206E+2	1,268748E+3	4,199279E+3
3,218966E+2	1,268583E+3	4,222659E+3
3,218406E+2	1,268320E+3	4,244070E+3
3,215455E+2	1,268135E+3	4,268035E+3
3,212682E+2	1,267981E+3	4,289880E+3
3,212460E+2	1,267660E+3	4,312725E+3
3,210942E+2	1,267513E+3	4,335830E+3
3,209002E+2	1,267336E+3	4,358482E+3
3,205176E+2	1,267129E+3	4,382651E+3
3,202507E+2	1,266905E+3	4,407057E+3
3,203139E+2	1,266581E+3	4,429078E+3
3,202554E+2	1,266430E+3	4,454921E+3
3,198344E+2	1,266182E+3	4,479353E+3
3,198746E+2	1,265957E+3	4,504160E+3
3,197274E+2	1,265679E+3	4,529331E+3
3,193254E+2	1,265374E+3	4,554120E+3
3,192890E+2	1,265116E+3	4,579451E+3
3,190399E+2	1,264883E+3	4,604588E+3
3,187957E+2	1,264617E+3	4,630670E+3
3,188627E+2	1,264368E+3	4,655936E+3
3,186611E+2	1,264140E+3	4,683149E+3
3,183284E+2	1,263845E+3	4,708305E+3
3,182430E+2	1,263533E+3	4,735559E+3
3,180886E+2	1,263287E+3	4,762921E+3
3,176431E+2	1,262921E+3	4,788767E+3
3,177164E+2	1,262637E+3	4,816426E+3
3,174905E+2	1,262418E+3	4,843577E+3
3,172687E+2	1,262030E+3	4,870870E+3
3,171263E+2	1,261754E+3	4,900002E+3
3,169076E+2	1,261406E+3	4,927152E+3
3,169853E+2	1,261112E+3	4,954314E+3
3,164434E+2	1,260854E+3	4,983235E+3
3,164669E+2	1,260468E+3	5,012931E+3
3,163211E+2	1,260051E+3	5,040780E+3
3,159423E+2	1,259689E+3	5,070911E+3
3,160285E+2	1,259510E+3	5,098625E+3
3,158604E+2	1,259113E+3	5,128709E+3
3,158553E+2	1,258773E+3	5,159044E+3
3,154240E+2	1,258438E+3	5,188791E+3
3,153119E+2	1,258054E+3	5,218802E+3
3,151310E+2	1,257723E+3	5,248823E+3
3,150812E+2	1,257409E+3	5,279553E+3
3,147260E+2	1,257007E+3	5,310176E+3
3,147378E+2	1,256717E+3	5,340637E+3
3,144077E+2	1,256285E+3	5,371598E+3
3,142244E+2	1,255901E+3	5,402260E+3
3,141503E+2	1,255477E+3	5,434898E+3
3,138503E+2	1,255157E+3	5,465612E+3
3,138110E+2	1,254812E+3	5,497687E+3
3,136082E+2	1,254422E+3	5,532064E+3
3,136750E+2	1,253982E+3	5,561686E+3
3,130986E+2	1,253657E+3	5,595092E+3
3,130828E+2	1,253322E+3	5,629105E+3
3,129640E+2	1,252900E+3	5,661181E+3
3,127673E+2	1,252484E+3	5,693062E+3
3,127239E+2	1,252021E+3	5,726178E+3
3,125387E+2	1,251680E+3	5,760306E+3
3,121384E+2	1,251313E+3	5,794965E+3
3,120496E+2	1,250844E+3	5,827527E+3
3,119676E+2	1,250397E+3	5,862092E+3
3,117878E+2	1,250031E+3	5,896074E+3
3,116708E+2	1,249616E+3	5,930853E+3
3,116153E+2	1,249146E+3	5,964837E+3
3,112992E+2	1,248729E+3	6,000953E+3
3,111154E+2	1,248288E+3	6,036061E+3
3,107844E+2	1,247904E+3	6,071565E+3
3,106441E+2	1,247516E+3	6,108446E+3
3,106395E+2	1,247021E+3	6,142484E+3
3,103820E+2	1,246619E+3	6,177569E+3
3,102508E+2	1,246148E+3	6,214658E+3
3,102109E+2	1,245604E+3	6,250482E+3
3,098311E+2	1,245242E+3	6,288124E+3
3,098277E+2	1,244824E+3	6,325252E+3
3,097158E+2	1,244404E+3	6,361319E+3
3,095117E+2	1,243931E+3	6,396811E+3
3,094193E+2	1,243517E+3	6,434371E+3
3,090341E+2	1,243080E+3	6,471975E+3
3,093015E+2	1,242562E+3	6,509998E+3
3,089120E+2	1,242083E+3	6,547211E+3
3,087515E+2	1,241652E+3	6,585767E+3
3,085353E+2	1,241150E+3	6,623715E+3
3,084113E+2	1,240734E+3	6,662326E+3
3,083790E+2	1,240273E+3	6,701048E+3
3,080950E+2	1,239780E+3	6,739850E+3
3,079272E+2	1,239191E+3	6,778142E+3
3,079132E+2	1,238838E+3	6,817761E+3
3,077108E+2	1,238367E+3	6,856729E+3
3,075964E+2	1,237876E+3	6,897940E+3
3,074850E+2	1,237373E+3	6,936909E+3
3,072040E+2	1,236897E+3	6,976727E+3
3,071678E+2	1,236401E+3	7,017297E+3
3,068825E+2	1,235877E+3	7,056795E+3
3,066243E+2	1,235442E+3	7,099504E+3
3,064223E+2	1,234862E+3	7,140932E+3
3,064673E+2	1,234331E+3	7,180912E+3
3,061549E+2	1,233868E+3	7,222414E+3
3,062335E+2	1,233527E+3	7,262161E+3
3,059544E+2	1,232962E+3	7,304617E+3
3,059071E+2	1,232428E+3	7,346649E+3
3,055242E+2	1,231930E+3	7,389314E+3
3,053529E+2	1,231458E+3	7,432985E+3
3,053291E+2	1,230990E+3	7,474431E+3
3,052059E+2	1,230485E+3	7,515955E+3
3,051708E+2	1,229966E+3	7,559444E+3
3,048491E+2	1,229447E+3	7,601362E+3
3,047092E+2	1,228893E+3	7,644483E+3
3,047267E+2	1,228354E+3	7,689018E+3
3,046150E+2	1,227827E+3	7,731621E+3
3,045015E+2	1,227343E+3	7,775180E+3
3,041685E+2	1,226816E+3	7,820179E+3
3,041141E+2	1,226288E+3	7,864998E+3
3,037216E+2	1,225765E+3	7,908599E+3
3,039171E+2	1,225213E+3	7,952827E+3
3,035711E+2	1,224685E+3	7,997949E+3
3,032349E+2	1,224216E+3	8,044309E+3
3,032343E+2	1,223672E+3	8,089023E+3
3,031076E+2	1,223128E+3	8,135547E+3
3,029093E+2	1,222686E+3	8,179038E+3
3,024598E+2	1,222086E+3	8,226011E+3
3,028438E+2	1,221552E+3	8,271025E+3
3,027250E+2	1,221041E+3	8,319291E+3
3,025793E+2	1,220400E+3	8,366485E+3
3,024114E+2	1,219918E+3	8,412543E+3
3,020534E+2	1,219390E+3	8,460241E+3
3,019788E+2	1,218816E+3	8,507386E+3
3,018384E+2	1,218297E+3	8,553792E+3
3,016540E+2	1,217784E+3	8,602279E+3
3,015785E+2	1,217273E+3	8,649371E+3
3,015293E+2	1,216632E+3	8,697045E+3
3,013058E+2	1,216099E+3	8,745606E+3
3,010147E+2	1,215625E+3	8,794216E+3
3,012210E+2	1,215118E+3	8,841426E+3
3,010139E+2	1,214526E+3	8,890855E+3
3,009322E+2	1,214002E+3	8,938972E+3
3,007325E+2	1,213389E+3	8,989378E+3
3,006480E+2	1,212791E+3	9,038603E+3
3,004926E+2	1,212244E+3	9,087381E+3
3,006114E+2	1,211667E+3	9,136845E+3
3,003862E+2	1,211240E+3	9,186246E+3
3,000382E+2	1,210657E+3	9,235066E+3
2,997571E+2	1,210078E+3	9,286338E+3
2,997041E+2	1,209469E+3	9,338476E+3
2,995305E+2	1,208897E+3	9,389694E+3
2,993545E+2	1,208380E+3	9,440272E+3
2,993748E+2	1,207830E+3	9,489383E+3
2,992957E+2	1,207307E+3	9,540944E+3
2,989984E+2	1,206687E+3	9,592777E+3
2,987141E+2	1,206075E+3	9,645852E+3
2,988976E+2	1,205576E+3	9,698284E+3
2,986721E+2	1,205024E+3	9,749960E+3
2,985531E+2	1,204510E+3	9,803385E+3
2,983707E+2	1,203879E+3	9,855086E+3
2,981688E+2	1,203290E+3	9,906921E+3
2,981346E+2	1,202778E+3	9,959340E+3
2,980652E+2	1,202184E+3	1,001197E+4
2,978584E+2	1,201547E+3	1,006666E+4
2,976576E+2	1,201067E+3	1,012091E+4
2,978617E+2	1,200461E+3	1,017276E+4
2,974632E+2	1,199913E+3	1,022783E+4
2,973749E+2	1,199337E+3	1,027804E+4
2,973259E+2	1,198664E+3	1,033291E+4
2,972620E+2	1,198132E+3	1,038813E+4
2,970863E+2	1,197549E+3	1,044111E+4
2,969344E+2	1,197020E+3	1,049687E+4
2,967342E+2	1,196478E+3	1,055484E+4
2,966010E+2	1,195852E+3	1,060862E+4
2,966441E+2	1,195167E+3	1,066338E+4
2,964131E+2	1,194711E+3	1,071926E+4
2,962944E+2	1,194131E+3	1,077453E+4
2,961143E+2	1,193469E+3	1,082927E+4
2,961572E+2	1,192950E+3	1,088699E+4
2,958864E+2	1,192356E+3	1,094504E+4
2,956735E+2	1,191835E+3	1,100136E+4
2,958063E+2	1,191268E+3	1,105705E+4
2,956577E+2	1,190629E+3	1,111307E+4
2,954364E+2	1,190034E+3	1,117172E+4
2,953029E+2	1,189465E+3	1,123098E+4
2,950971E+2	1,188866E+3	1,128441E+4
2,950289E+2	1,188251E+3	1,134477E+4
2,950153E+2	1,187730E+3	1,140356E+4
2,949130E+2	1,187143E+3	1,146091E+4
2,946673E+2	1,186472E+3	1,152008E+4
2,944494E+2	1,185972E+3	1,157711E+4
2,943492E+2	1,185366E+3	1,163730E+4
2,943460E+2	1,184796E+3	1,169731E+4
2,941142E+2	1,184199E+3	1,175606E+4
2,941720E+2	1,183618E+3	1,181449E+4
2,939312E+2	1,183013E+3	1,187311E+4
2,936512E+2	1,182485E+3	1,193289E+4
2,937455E+2	1,181955E+3	1,199323E+4
2,935807E+2	1,181333E+3	1,205328E+4
2,934384E+2	1,180772E+3	1,211174E+4
2,931242E+2	1,180116E+3	1,217243E+4
2,933399E+2	1,179541E+3	1,223205E+4
2,929325E+2	1,178976E+3	1,229352E+4
2,929368E+2	1,178374E+3	1,235320E+4
2,929684E+2	1,177836E+3	1,241610E+4
2,927069E+2	1,177235E+3	1,247884E+4
2,926179E+2	1,176630E+3	1,253894E+4
2,925119E+2	1,176027E+3	1,260207E+4
2,924357E+2	1,175472E+3	1,266284E+4
2,923588E+2	1,174833E+3	1,272647E+4
2,922988E+2	1,174246E+3	1,278742E+4
2,920472E+2	1,173651E+3	1,285268E+4
2,919258E+2	1,173084E+3	1,291654E+4
2,920098E+2	1,172521E+3	1,297735E+4
2,917446E+2	1,171880E+3	1,304090E+4
2,916409E+2	1,171244E+3	1,310542E+4
2,915751E+2	1,170721E+3	1,316698E+4
2,914543E+2	1,170126E+3	1,322931E+4
2,911626E+2	1,169543E+3	1,329432E+4
2,912689E+2	1,168984E+3	1,335814E+4
2,910200E+2	1,168349E+3	1,342057E+4
2,910922E+2	1,167810E+3	1,348688E+4
2,911246E+2	1,167194E+3	1,354829E+4
2,908530E+2	1,166624E+3	1,361578E+4
2,905691E+2	1,166021E+3	1,368085E+4
2,905904E+2	1,165462E+3	1,374619E+4
2,903196E+2	1,164947E+3	1,380953E+4
2,903659E+2	1,164303E+3	1,387611E+4
2,903716E+2	1,163690E+3	1,394462E+4
2,900509E+2	1,163126E+3	1,400785E+4
2,902687E+2	1,162421E+3	1,407317E+4
2,901553E+2	1,161935E+3	1,413839E+4
2,897635E+2	1,161375E+3	1,420702E+4
2,898493E+2	1,160731E+3	1,427255E+4
2,896178E+2	1,160185E+3	1,434124E+4
2,896538E+2	1,159513E+3	1,440859E+4
2,893338E+2	1,158973E+3	1,447390E+4
2,892425E+2	1,158422E+3	1,454152E+4
2,892847E+2	1,157831E+3	1,460898E+4
2,890993E+2	1,157221E+3	1,467983E+4
2,890351E+2	1,156711E+3	1,474512E+4
2,889473E+2	1,156058E+3	1,481415E+4
2,889910E+2	1,155464E+3	1,488283E+4
2,887419E+2	1,154927E+3	1,495202E+4
2,887364E+2	1,154270E+3	1,501893E+4
2,885415E+2	1,153728E+3	1,509000E+4
2,885825E+2	1,153167E+3	1,515892E+4
2,886632E+2	1,152547E+3	1,522663E+4
2,884350E+2	1,152024E+3	1,529619E+4
2,882824E+2	1,151455E+3	1,536240E+4
2,881807E+2	1,150846E+3	1,543258E+4
2,880656E+2	1,150296E+3	1,550285E+4
2,878339E+2	1,149658E+3	1,557089E+4
2,875546E+2	1,149056E+3	1,564920E+4
2,877388E+2	1,148460E+3	1,571526E+4
2,876494E+2	1,147897E+3	1,578597E+4
2,875934E+2	1,147333E+3	1,585439E+4
2,874914E+2	1,146759E+3	1,592753E+4
2,872183E+2	1,146185E+3	1,599898E+4
2,872847E+2	1,145589E+3	1,606947E+4
2,871816E+2	1,144929E+3	1,614067E+4
2,870548E+2	1,144434E+3	1,621080E+4
2,870732E+2	1,143826E+3	1,628499E+4
2,867681E+2	1,143223E+3	1,635679E+4
2,868141E+2	1,142738E+3	1,642717E+4
2,865684E+2	1,142089E+3	1,649799E+4
2,865426E+2	1,141576E+3	1,656877E+4
2,864466E+2	1,140871E+3	1,664643E+4
2,864085E+2	1,140326E+3	1,671931E+4
2,862574E+2	1,139836E+3	1,679218E+4
2,862365E+2	1,139198E+3	1,686829E+4
2,860933E+2	1,138673E+3	1,693271E+4
2,859180E+2	1,138090E+3	1,701311E+4
2,859818E+2	1,137454E+3	1,708623E+4
2,857176E+2	1,136920E+3	1,715688E+4
2,858000E+2	1,136317E+3	1,723355E+4
2,856101E+2	1,135731E+3	1,730361E+4
2,854325E+2	1,135161E+3	1,738112E+4
2,853929E+2	1,134510E+3	1,745446E+4
2,853047E+2	1,134084E+3	1,752653E+4
2,853377E+2	1,133425E+3	1,759850E+4
2,851826E+2	1,132899E+3	1,767991E+4
2,849952E+2	1,132309E+3	1,775449E+4
2,850493E+2	1,131736E+3	1,782277E+4
2,848504E+2	1,131123E+3	1,790069E+4
2,848486E+2	1,130573E+3	1,798012E+4
2,848191E+2	1,129988E+3	1,805331E+4
2,845671E+2	1,129414E+3	1,812572E+4
2,844938E+2	1,128892E+3	1,820036E+4
2,844349E+2	1,128374E+3	1,828152E+4
2,842556E+2	1,127780E+3	1,835189E+4
2,842903E+2	1,127157E+3	1,842843E+4
2,842596E+2	1,126673E+3	1,850733E+4
2,840805E+2	1,126065E+3	1,858059E+4
2,838625E+2	1,125524E+3	1,865897E+4
2,840519E+2	1,124879E+3	1,873641E+4
2,837561E+2	1,124385E+3	1,881417E+4
2,838960E+2	1,123813E+3	1,888754E+4
2,836987E+2	1,123208E+3	1,896897E+4
2,835640E+2	1,122612E+3	1,904426E+4
2,835121E+2	1,122055E+3	1,912149E+4
2,832826E+2	1,121459E+3	1,920004E+4
2,829567E+2	1,120884E+3	1,927826E+4
2,831835E+2	1,120322E+3	1,935824E+4
2,832513E+2	1,119798E+3	1,943583E+4
2,832086E+2	1,119264E+3	1,951144E+4
2,830077E+2	1,118663E+3	1,959153E+4
2,829769E+2	1,118046E+3	1,966786E+4
2,828614E+2	1,117580E+3	1,974506E+4
2,827913E+2	1,117001E+3	1,982667E+4
2,825891E+2	1,116445E+3	1,990753E+4
2,824538E+2	1,115857E+3	1,998447E+4
2,825684E+2	1,115303E+3	2,006568E+4
2,825042E+2	1,114769E+3	2,014501E+4
2,826796E+2	1,114143E+3	2,021850E+4
2,823249E+2	1,113634E+3	2,030694E+4
2,823007E+2	1,113062E+3	2,038785E+4
2,819837E+2	1,112513E+3	2,046295E+4
2,820085E+2	1,111989E+3	2,054235E+4
2,816876E+2	1,111418E+3	2,062400E+4
2,818417E+2	1,110820E+3	2,070384E+4
2,817338E+2	1,110286E+3	2,078931E+4
2,816234E+2	1,109762E+3	2,086544E+4
2,816112E+2	1,109180E+3	2,094807E+4
2,817359E+2	1,108609E+3	2,102666E+4
2,812587E+2	1,108080E+3	2,110785E+4
2,813780E+2	1,107594E+3	2,118730E+4
2,812321E+2	1,107057E+3	2,127309E+4
2,809230E+2	1,106463E+3	2,135203E+4
2,811386E+2	1,105911E+3	2,143655E+4
2,811831E+2	1,105402E+3	2,151558E+4
2,806571E+2	1,104831E+3	2,159840E+4
2,808034E+2	1,104335E+3	2,167600E+4
2,807245E+2	1,103717E+3	2,176091E+4
2,807132E+2	1,103197E+3	2,184171E+4
2,807856E+2	1,102695E+3	2,192492E+4
2,807104E+2	1,102079E+3	2,200337E+4
2,805982E+2	1,101558E+3	2,209141E+4
2,805081E+2	1,100971E+3	2,217384E+4
2,803061E+2	1,100437E+3	2,225288E+4
2,800115E+2	1,099921E+3	2,234137E+4
2,799018E+2	1,099383E+3	2,242160E+4
2,800945E+2	1,098899E+3	2,250266E+4
2,801564E+2	1,098328E+3	2,258630E+4
2,799361E+2	1,097786E+3	2,267267E+4
2,798515E+2	1,097190E+3	2,275412E+4
2,794299E+2	1,096699E+3	2,284384E+4
2,795300E+2	1,096219E+3	2,292186E+4
2,794489E+2	1,095603E+3	2,300728E+4
2,797615E+2	1,095080E+3	2,308463E+4
2,794027E+2	1,094527E+3	2,316952E+4
2,794932E+2	1,094057E+3	2,325405E+4
2,792459E+2	1,093473E+3	2,334762E+4
2,793471E+2	1,092935E+3	2,342489E+4
2,790027E+2	1,092432E+3	2,350930E+4
2,788880E+2	1,091847E+3	2,359564E+4
2,789121E+2	1,091374E+3	2,367531E+4
2,789333E+2	1,090815E+3	2,376335E+4
2,787351E+2	1,090319E+3	2,384852E+4
2,787332E+2	1,089751E+3	2,392983E+4
2,786211E+2	1,089270E+3	2,401501E+4
2,785456E+2	1,088693E+3	2,410391E+4
2,786882E+2	1,088246E+3	2,419043E+4
2,784174E+2	1,087721E+3	2,427638E+4
2,782562E+2	1,087169E+3	2,435909E+4
2,782864E+2	1,086609E+3	2,444396E+4
2,784271E+2	1,086127E+3	2,452657E+4
2,781862E+2	1,085591E+3	2,461450E+4
2,780709E+2	1,085080E+3	2,469884E+4
2,781130E+2	1,084598E+3	2,478328E+4
2,777385E+2	1,083998E+3	2,487547E+4
2,779299E+2	1,083510E+3	2,495754E+4
2,777096E+2	1,082972E+3	2,504640E+4
2,778317E+2	1,082495E+3	2,512854E+4
2,775676E+2	1,081953E+3	2,521720E+4
2,774950E+2	1,081379E+3	2,530234E+4
2,776106E+2	1,080960E+3	2,538743E+4
2,774885E+2	1,080339E+3	2,548162E+4
2,772752E+2	1,079867E+3	2,556082E+4
2,773698E+2	1,079324E+3	2,565225E+4
2,773331E+2	1,078831E+3	2,573374E+4
2,775013E+2	1,078368E+3	2,582039E+4
2,772727E+2	1,077847E+3	2,590717E+4
2,770326E+2	1,077330E+3	2,599518E+4
2,771667E+2	1,076778E+3	2,608201E+4
2,770127E+2	1,076276E+3	2,616978E+4
2,769409E+2	1,075767E+3	2,625864E+4
2,768969E+2	1,075262E+3	2,634518E+4
2,769095E+2	1,074691E+3	2,642987E+4
2,768117E+2	1,074227E+3	2,652498E+4
2,767507E+2	1,073770E+3	2,661222E+4
2,765726E+2	1,073231E+3	2,669992E+4
2,764773E+2	1,072721E+3	2,678028E+4
2,763581E+2	1,072237E+3	2,686639E+4
2,763479E+2	1,071751E+3	2,696341E+4
2,763993E+2	1,071213E+3	2,704411E+4
2,761821E+2	1,070766E+3	2,714319E+4
2,761833E+2	1,070198E+3	2,721862E+4
2,761298E+2	1,069761E+3	2,731138E+4
2,761822E+2	1,069236E+3	2,740031E+4
2,760068E+2	1,068710E+3	2,748899E+4
2,761094E+2	1,068246E+3	2,757861E+4
2,758187E+2	1,067716E+3	2,767308E+4
2,759396E+2	1,067195E+3	2,775452E+4
2,759942E+2	1,066757E+3	2,783920E+4
2,759291E+2	1,066262E+3	2,793356E+4
2,760061E+2	1,065766E+3	2,801945E+4
2,755306E+2	1,065228E+3	2,811653E+4
2,757778E+2	1,064781E+3	2,819805E+4
2,755135E+2	1,064247E+3	2,828930E+4
2,753822E+2	1,063763E+3	2,838343E+4
2,755850E+2	1,063292E+3	2,846585E+4
2,753369E+2	1,062826E+3	2,855429E+4
2,752724E+2	1,062413E+3	2,864316E+4
2,751451E+2	1,061818E+3	2,873857E+4
2,752058E+2	1,061326E+3	2,883035E+4
2,750930E+2	1,060870E+3	2,891537E+4
2,754062E+2	1,060349E+3	2,900900E+4
2,751159E+2	1,059842E+3	2,909566E+4
2,751331E+2	1,059427E+3	2,918593E+4
2,750873E+2	1,058967E+3	2,927715E+4
2,748475E+2	1,058289E+3	2,936381E+4
2,749469E+2	1,057945E+3	2,945969E+4
2,747164E+2	1,057471E+3	2,954563E+4
2,746928E+2	1,056981E+3	2,963771E+4
2,745197E+2	1,056449E+3	2,972720E+4
2,745370E+2	1,055975E+3	2,981730E+4
2,746443E+2	1,055497E+3	2,990482E+4
2,742483E+2	1,054998E+3	2,999784E+4
2,743512E+2	1,054591E+3	3,009165E+4
2,739642E+2	1,054073E+3	3,017600E+4
2,742725E+2	1,053635E+3	3,026901E+4
2,742316E+2	1,053160E+3	3,035380E+4
2,739795E+2	1,052686E+3	3,044247E+4
2,740131E+2	1,052218E+3	3,054003E+4
2,739055E+2	1,051770E+3	3,063005E+4
2,740197E+2	1,051237E+3	3,071821E+4
2,741212E+2	1,050796E+3	3,080747E+4
2,738885E+2	1,050336E+3	3,089559E+4
2,738580E+2	1,049846E+3	3,098467E+4
2,738867E+2	1,049391E+3	3,107335E+4
2,737404E+2	1,048947E+3	3,116928E+4
2,737540E+2	1,048482E+3	3,125332E+4
2,735070E+2	1,048041E+3	3,134674E+4
2,736510E+2	1,047589E+3	3,143325E+4
2,734232E+2	1,047136E+3	3,153057E+4
2,734600E+2	1,046613E+3	3,162098E+4
2,733985E+2	1,046181E+3	3,171212E+4
2,731854E+2	1,045715E+3	3,180140E+4
2,731918E+2	1,045202E+3	3,189320E+4
2,732366E+2	1,044813E+3	3,198075E+4
2,729707E+2	1,044362E+3	3,207700E+4
2,731226E+2	1,043884E+3	3,217102E+4
2,731123E+2	1,043372E+3	3,225702E+4
2,729178E+2	1,043010E+3	3,235005E+4
2,729009E+2	1,042525E+3	3,244571E+4
2,729030E+2	1,042039E+3	3,253386E+4
2,728301E+2	1,041604E+3	3,261836E+4
2,728113E+2	1,041138E+3	3,271724E+4
2,726992E+2	1,040657E+3	3,280204E+4
2,727294E+2	1,040175E+3	3,290081E+4
2,725297E+2	1,039752E+3	3,299217E+4
2,724709E+2	1,039341E+3	3,308374E+4
2,723825E+2	1,038837E+3	3,318094E+4
2,725217E+2	1,038375E+3	3,326759E+4
2,723346E+2	1,038034E+3	3,335730E+4
2,722453E+2	1,037511E+3	3,344229E+4
2,723291E+2	1,037030E+3	3,353000E+4
2,720635E+2	1,036612E+3	3,363410E+4
2,719135E+2	1,036146E+3	3,372566E+4
2,720806E+2	1,035712E+3	3,380834E+4
2,720829E+2	1,035250E+3	3,390573E+4
2,720473E+2	1,034861E+3	3,399860E+4
2,720463E+2	1,034371E+3	3,408277E+4
2,720126E+2	1,033978E+3	3,417446E+4
2,720826E+2	1,033578E+3	3,426688E+4
2,719087E+2	1,033035E+3	3,436532E+4
2,717750E+2	1,032586E+3	3,444908E+4
2,717142E+2	1,032148E+3	3,454313E+4
2,717979E+2	1,031714E+3	3,463620E+4
2,717926E+2	1,031295E+3	3,471919E+4
2,714253E+2	1,030896E+3	3,482395E+4
2,715976E+2	1,030469E+3	3,492173E+4
2,714189E+2	1,029994E+3	3,500666E+4
2,715925E+2	1,029521E+3	3,509120E+4
2,712847E+2	1,029166E+3	3,518935E+4
2,713279E+2	1,028711E+3	3,527457E+4
2,711959E+2	1,028278E+3	3,537199E+4
2,712238E+2	1,027865E+3	3,546060E+4
2,713943E+2	1,027412E+3	3,555195E+4
2,711771E+2	1,027051E+3	3,564372E+4
2,710576E+2	1,026551E+3	3,572718E+4
2,711688E+2	1,026078E+3	3,582657E+4
2,710191E+2	1,025734E+3	3,591256E+4
2,709734E+2	1,025252E+3	3,600829E+4
2,708581E+2	1,024852E+3	3,609644E+4
2,707916E+2	1,024423E+3	3,619557E+4
2,709240E+2	1,024005E+3	3,627073E+4
2,707662E+2	1,023621E+3	3,636965E+4
2,707546E+2	1,023163E+3	3,646774E+4
2,705536E+2	1,022739E+3	3,654752E+4
2,705431E+2	1,022330E+3	3,664034E+4
2,705809E+2	1,021857E+3	3,673246E+4
2,703689E+2	1,021481E+3	3,682538E+4
2,706030E+2	1,021022E+3	3,691468E+4
2,703112E+2	1,020613E+3	3,701758E+4
2,702475E+2	1,020159E+3	3,710167E+4
2,704316E+2	1,019789E+3	3,718957E+4
2,702129E+2	1,019361E+3	3,728455E+4
2,703293E+2	1,018966E+3	3,737987E+4
2,704015E+2	1,018598E+3	3,745751E+4
2,700213E+2	1,018131E+3	3,755113E+4
2,699440E+2	1,017671E+3	3,765296E+4
2,701134E+2	1,017305E+3	3,774952E+4
2,700393E+2	1,016895E+3	3,783045E+4
2,699487E+2	1,016497E+3	3,791867E+4
2,698729E+2	1,016081E+3	3,801004E+4
2,698341E+2	1,015694E+3	3,810164E+4
2,697602E+2	1,015269E+3	3,819987E+4
2,698663E+2	1,014840E+3	3,829211E+4
2,697567E+2	1,014508E+3	3,837400E+4
2,697358E+2	1,014044E+3	3,846081E+4
2,695824E+2	1,013677E+3	3,854978E+4
2,696055E+2	1,013224E+3	3,864684E+4
2,696754E+2	1,012829E+3	3,874237E+4
2,695518E+2	1,012526E+3	3,883309E+4
2,694425E+2	1,012015E+3	3,893152E+4
2,695110E+2	1,011636E+3	3,902312E+4
2,692106E+2	1,011227E+3	3,911737E+4
2,695462E+2	1,010820E+3	3,920765E+4
2,694800E+2	1,010406E+3	3,930109E+4
2,692803E+2	1,010057E+3	3,938006E+4
2,691765E+2	1,009636E+3	3,947433E+4
2,690628E+2	1,009277E+3	3,957027E+4
2,692706E+2	1,008819E+3	3,965510E+4
2,691062E+2	1,008425E+3	3,976035E+4
2,688318E+2	1,008025E+3	3,984472E+4
2,691048E+2	1,007673E+3	3,992952E+4
2,690479E+2	1,007232E+3	4,002889E+4
2,690119E+2	1,006810E+3	4,010127E+4
2,688696E+2	1,006477E+3	4,020362E+4
2,688594E+2	1,006005E+3	4,028749E+4
2,687413E+2	1,005701E+3	4,038557E+4
2,688019E+2	1,005249E+3	4,047581E+4
2,685639E+2	1,004926E+3	4,057414E+4
2,686067E+2	1,004538E+3	4,065800E+4
2,685588E+2	1,004050E+3	4,075226E+4
2,686868E+2	1,003771E+3	4,082778E+4
2,684743E+2	1,003335E+3	4,093661E+4
2,685372E+2	1,002954E+3	4,102211E+4
2,683222E+2	1,002572E+3	4,110748E+4
2,684968E+2	1,002173E+3	4,119826E+4
2,684340E+2	1,001745E+3	4,128734E+4
2,685118E+2	1,001443E+3	4,138132E+4
2,684006E+2	1,001022E+3	4,147492E+4
2,683906E+2	1,000652E+3	4,156791E+4
2,682656E+2	1,000264E+3	4,165441E+4
2,681292E+2	9,999215E+2	4,174685E+4
2,683029E+2	9,995556E+2	4,182371E+4
2,682133E+2	9,991669E+2	4,191445E+4
2,682729E+2	9,987717E+2	4,201305E+4
2,679636E+2	9,983852E+2	4,210689E+4
2,678431E+2	9,980476E+2	4,219214E+4
2,679633E+2	9,976173E+2	4,226953E+4
2,681793E+2	9,973198E+2	4,236215E+4
2,677381E+2	9,968945E+2	4,245869E+4
2,678749E+2	9,965538E+2	4,254127E+4
2,679596E+2	9,961645E+2	4,262789E+4
2,678281E+2	9,958320E+2	4,272113E+4
2,678531E+2	9,954673E+2	4,280341E+4
2,678141E+2	9,950482E+2	4,291382E+4
2,676643E+2	9,946526E+2	4,299257E+4
2,676581E+2	9,942948E+2	4,307594E+4
2,676050E+2	9,939159E+2	4,317115E+4
2,676196E+2	9,935442E+2	4,326812E+4
2,673678E+2	9,932443E+2	4,333921E+4
2,672826E+2	9,928509E+2	4,344697E+4
2,674180E+2	9,924185E+2	4,352987E+4
2,673133E+2	9,921123E+2	4,361497E+4
2,671963E+2	9,917492E+2	4,370880E+4
2,674069E+2	9,913806E+2	4,380216E+4
2,672978E+2	9,910886E+2	4,389750E+4
2,673276E+2	9,906304E+2	4,397085E+4
2,671709E+2	9,902759E+2	4,406323E+4
2,670722E+2	9,899178E+2	4,415721E+4
2,672186E+2	9,895982E+2	4,423934E+4
2,670099E+2	9,892374E+2	4,433740E+4
2,671180E+2	9,888710E+2	4,443066E+4
2,670184E+2	9,885114E+2	4,451916E+4
2,671164E+2	9,881689E+2	4,459565E+4
2,670115E+2	9,878083E+2	4,470182E+4
2,668156E+2	9,874250E+2	4,478015E+4
2,669455E+2	9,870680E+2	4,486966E+4
2,667685E+2	9,867501E+2	4,496082E+4
2,668432E+2	9,863641E+2	4,504962E+4
2,667361E+2	9,859926E+2	4,514142E+4
2,667808E+2	9,856010E+2	4,522990E+4
2,667796E+2	9,853645E+2	4,530722E+4
2,667556E+2	9,849557E+2	4,540495E+4
2,668083E+2	9,845659E+2	4,549247E+4
2,666150E+2	9,843014E+2	4,557416E+4
2,664281E+2	9,838929E+2	4,565805E+4
2,665925E+2	9,835885E+2	4,575276E+4
2,664074E+2	9,832819E+2	4,584381E+4
2,664248E+2	9,828733E+2	4,593044E+4
2,665334E+2	9,825215E+2	4,600795E+4
2,664851E+2	9,821185E+2	4,609932E+4
2,664300E+2	9,818553E+2	4,621347E+4
2,663136E+2	9,814768E+2	4,626957E+4
2,662420E+2	9,810434E+2	4,636282E+4
2,660794E+2	9,808036E+2	4,646778E+4
2,663703E+2	9,803688E+2	4,656005E+4
2,662642E+2	9,800578E+2	4,663721E+4
2,661948E+2	9,797671E+2	4,670843E+4
2,661295E+2	9,794095E+2	4,681103E+4
2,662557E+2	9,790401E+2	4,689163E+4
2,661642E+2	9,787220E+2	4,697725E+4
2,659943E+2	9,783648E+2	4,707761E+4
2,660658E+2	9,780646E+2	4,714813E+4
2,659895E+2	9,777186E+2	4,723732E+4
2,660997E+2	9,773257E+2	4,733663E+4
2,657276E+2	9,769855E+2	4,741057E+4
2,658308E+2	9,767173E+2	4,751050E+4
2,659029E+2	9,763562E+2	4,758566E+4
2,658276E+2	9,760154E+2	4,767013E+4
2,658887E+2	9,757261E+2	4,775966E+4
2,657108E+2	9,753431E+2	4,785115E+4
2,657355E+2	9,750388E+2	4,794444E+4
2,658274E+2	9,747242E+2	4,801619E+4
2,657818E+2	9,743961E+2	4,810043E+4
2,657827E+2	9,740468E+2	4,821425E+4
2,657756E+2	9,737553E+2	4,829282E+4
2,655369E+2	9,734348E+2	4,836727E+4
2,657062E+2	9,730659E+2	4,845492E+4
2,655760E+2	9,727716E+2	4,854819E+4
2,654031E+2	9,724325E+2	4,863492E+4
2,654941E+2	9,721483E+2	4,871559E+4
2,654309E+2	9,717788E+2	4,880255E+4
2,653739E+2	9,714511E+2	4,888494E+4
2,653733E+2	9,711642E+2	4,896322E+4
2,654780E+2	9,708710E+2	4,906269E+4
2,653286E+2	9,705267E+2	4,913125E+4
2,652237E+2	9,702207E+2	4,922769E+4
2,650719E+2	9,698617E+2	4,931010E+4
2,649953E+2	9,695649E+2	4,940035E+4
2,651385E+2	9,692455E+2	4,948873E+4
2,650775E+2	9,688799E+2	4,957727E+4
2,652006E+2	9,685882E+2	4,966234E+4
2,650375E+2	9,683038E+2	4,975298E+4
2,649403E+2	9,679816E+2	4,983238E+4
2,649690E+2	9,676532E+2	4,991493E+4
2,650061E+2	9,673718E+2	4,999297E+4
2,650071E+2	9,669838E+2	5,007700E+4
2,650461E+2	9,666354E+2	5,016033E+4
2,648168E+2	9,663634E+2	5,025454E+4
2,648274E+2	9,660448E+2	5,033954E+4
2,649711E+2	9,657484E+2	5,042525E+4
2,647573E+2	9,653976E+2	5,050067E+4
2,648837E+2	9,651500E+2	5,057310E+4
2,648823E+2	9,647734E+2	5,066050E+4
2,647678E+2	9,645222E+2	5,074710E+4
2,646963E+2	9,641759E+2	5,084361E+4
2,645694E+2	9,639096E+2	5,092038E+4
2,647998E+2	9,635555E+2	5,100990E+4
2,646245E+2	9,633176E+2	5,107904E+4
2,646562E+2	9,629507E+2	5,115099E+4
2,646055E+2	9,626915E+2	5,124994E+4
2,643112E+2	9,623626E+2	5,134661E+4
2,643909E+2	9,620840E+2	5,142239E+4
2,644605E+2	9,618088E+2	5,150105E+4
2,644015E+2	9,614535E+2	5,158855E+4
2,644776E+2	9,611135E+2	5,166538E+4
2,642884E+2	9,608772E+2	5,174127E+4
2,643847E+2	9,605754E+2	5,183473E+4
2,643354E+2	9,602127E+2	5,190061E+4
2,644780E+2	9,600361E+2	5,198006E+4
2,642594E+2	9,596709E+2	5,209752E+4
2,641057E+2	9,594198E+2	5,214771E+4
2,641559E+2	9,590668E+2	5,223728E+4
2,643321E+2	9,587861E+2	5,232773E+4
2,641388E+2	9,585203E+2	5,241403E+4
2,641375E+2	9,581863E+2	5,249949E+4
2,639352E+2	9,579416E+2	5,258638E+4
2,641010E+2	9,575814E+2	5,265201E+4
2,639859E+2	9,572965E+2	5,274547E+4
2,640406E+2	9,569984E+2	5,282305E+4
2,640407E+2	9,567279E+2	5,290086E+4
2,639029E+2	9,564022E+2	5,297549E+4
2,640013E+2	9,561330E+2	5,305967E+4
2,639360E+2	9,558577E+2	5,313784E+4
2,638040E+2	9,555326E+2	5,322465E+4
2,638622E+2	9,552691E+2	5,331440E+4
2,638690E+2	9,549725E+2	5,339303E+4
2,636722E+2	9,547374E+2	5,348089E+4
2,637875E+2	9,544283E+2	5,356784E+4
2,638478E+2	9,540659E+2	5,362219E+4
2,636223E+2	9,538433E+2	5,371732E+4
2,638225E+2	9,536056E+2	5,380585E+4
2,637824E+2	9,533089E+2	5,387383E+4
2,637728E+2	9,529566E+2	5,395157E+4
2,637482E+2	9,527305E+2	5,404369E+4
2,635781E+2	9,523698E+2	5,411296E+4
2,637081E+2	9,521294E+2	5,420504E+4
2,634466E+2	9,518624E+2	5,429188E+4
2,635920E+2	9,515594E+2	5,437620E+4
2,634669E+2	9,513193E+2	5,445063E+4
2,634035E+2	9,510572E+2	5,450592E+4
2,632785E+2	9,506938E+2	5,461463E+4
2,635448E+2	9,504554E+2	5,466512E+4
2,634033E+2	9,501627E+2	5,476542E+4
2,633626E+2	9,498547E+2	5,484947E+4
2,633525E+2	9,496303E+2	5,491743E+4
2,632541E+2	9,493798E+2	5,498733E+4
2,633564E+2	9,490556E+2	5,508321E+4
2,634238E+2	9,487783E+2	5,516739E+4
2,633005E+2	9,485223E+2	5,524716E+4
2,631426E+2	9,481927E+2	5,532457E+4
2,633660E+2	9,480025E+2	5,539104E+4
2,631674E+2	9,475934E+2	5,547452E+4
2,630724E+2	9,474097E+2	5,555386E+4
2,632066E+2	9,470965E+2	5,562645E+4
2,630406E+2	9,468692E+2	5,571976E+4
2,630409E+2	9,465710E+2	5,579272E+4
2,630523E+2	9,463077E+2	5,585934E+4
2,630816E+2	9,460386E+2	5,592730E+4
2,630652E+2	9,458187E+2	5,601226E+4
2,629293E+2	9,455360E+2	5,610002E+4
2,630141E+2	9,452661E+2	5,617248E+4
2,629527E+2	9,449909E+2	5,624580E+4
2,627723E+2	9,446942E+2	5,633044E+4
2,630705E+2	9,444511E+2	5,641379E+4
2,629123E+2	9,441867E+2	5,650844E+4
2,628285E+2	9,439410E+2	5,656184E+4
2,628324E+2	9,436583E+2	5,665436E+4
2,626440E+2	9,434010E+2	5,672410E+4
2,628038E+2	9,430966E+2	5,680929E+4
2,628258E+2	9,428559E+2	5,687982E+4
2,626474E+2	9,425358E+2	5,696698E+4
2,627711E+2	9,423023E+2	5,703993E+4
2,626653E+2	9,420727E+2	5,710585E+4
2,625640E+2	9,418185E+2	5,717996E+4
2,626311E+2	9,415463E+2	5,727438E+4
2,624291E+2	9,412971E+2	5,733017E+4
2,626772E+2	9,410543E+2	5,739883E+4
2,626442E+2	9,407595E+2	5,747399E+4
2,624832E+2	9,405115E+2	5,755712E+4
2,624770E+2	9,402555E+2	5,762928E+4
2,624691E+2	9,400521E+2	5,773554E+4
2,626262E+2	9,397720E+2	5,779822E+4
2,624474E+2	9,395055E+2	5,787824E+4
2,624647E+2	9,392226E+2	5,794150E+4
2,623915E+2	9,389897E+2	5,803462E+4
2,623637E+2	9,386835E+2	5,808690E+4
2,623474E+2	9,384975E+2	5,816983E+4
2,623453E+2	9,382560E+2	5,824394E+4
2,622383E+2	9,380081E+2	5,832585E+4
2,622318E+2	9,377208E+2	5,841150E+4
2,621567E+2	9,374146E+2	5,848775E+4
2,623812E+2	9,372472E+2	5,854533E+4
2,622889E+2	9,369969E+2	5,860985E+4
2,620815E+2	9,367135E+2	5,869862E+4
2,622169E+2	9,364763E+2	5,878524E+4
2,622433E+2	9,362555E+2	5,883305E+4
2,621377E+2	9,359434E+2	5,892634E+4
2,622260E+2	9,357565E+2	5,898988E+4
2,620514E+2	9,355139E+2	5,906940E+4
2,619792E+2	9,352949E+2	5,915254E+4
2,621300E+2	9,350033E+2	5,920606E+4
2,619605E+2	9,347792E+2	5,929637E+4
2,619480E+2	9,345033E+2	5,937907E+4
2,620651E+2	9,342758E+2	5,941109E+4
2,619569E+2	9,339945E+2	5,952020E+4
2,618978E+2	9,337832E+2	5,958755E+4
2,619642E+2	9,335588E+2	5,965786E+4
2,619551E+2	9,333105E+2	5,972446E+4
2,619895E+2	9,330396E+2	5,982205E+4
2,618899E+2	9,328161E+2	5,988294E+4
2,618257E+2	9,325280E+2	5,995366E+4
2,619349E+2	9,323604E+2	6,002687E+4
2,618065E+2	9,320898E+2	6,010656E+4
2,616743E+2	9,318525E+2	6,017739E+4
2,617028E+2	9,316504E+2	6,023640E+4
2,617698E+2	9,313482E+2	6,031862E+4
2,618592E+2	9,311191E+2	6,036960E+4
2,616452E+2	9,308774E+2	6,045110E+4
2,614867E+2	9,306695E+2	6,053106E+4
2,615709E+2	9,304758E+2	6,059164E+4
2,615660E+2	9,302333E+2	6,067918E+4
2,614562E+2	9,299578E+2	6,075784E+4
2,615350E+2	9,297611E+2	6,081977E+4
2,615255E+2	9,295471E+2	6,090018E+4
2,615669E+2	9,292764E+2	6,094562E+4
2,613103E+2	9,290277E+2	6,103159E+4
2,616033E+2	9,287466E+2	6,110880E+4
2,611988E+2	9,285708E+2	6,119562E+4
2,614035E+2	9,283776E+2	6,124382E+4
2,614066E+2	9,281759E+2	6,130701E+4
2,614044E+2	9,279142E+2	6,138881E+4
2,612994E+2	9,276444E+2	6,145156E+4
2,612999E+2	9,274176E+2	6,151281E+4
2,612938E+2	9,272388E+2	6,160213E+4
2,612935E+2	9,269953E+2	6,165693E+4
2,612911E+2	9,267546E+2	6,174687E+4
2,613004E+2	9,265114E+2	6,179907E+4
2,611810E+2	9,262742E+2	6,187303E+4
2,613500E+2	9,260728E+2	6,192803E+4
2,613879E+2	9,258338E+2	6,202334E+4
2,612695E+2	9,256286E+2	6,210038E+4
2,611389E+2	9,253407E+2	6,215132E+4
2,612821E+2	9,251279E+2	6,224228E+4
2,611930E+2	9,249452E+2	6,229170E+4
2,611022E+2	9,246750E+2	6,236158E+4
2,610778E+2	9,244679E+2	6,243274E+4
2,611392E+2	9,243135E+2	6,250773E+4
2,610651E+2	9,240310E+2	6,256657E+4
2,610893E+2	9,238836E+2	6,263532E+4
2,609083E+2	9,235993E+2	6,269855E+4
2,609693E+2	9,234073E+2	6,278909E+4
2,610532E+2	9,231714E+2	6,284081E+4
2,610759E+2	9,229408E+2	6,290520E+4
2,610021E+2	9,227245E+2	6,299640E+4
2,611291E+2	9,225416E+2	6,307023E+4
2,609761E+2	9,223071E+2	6,312312E+4
2,610455E+2	9,220707E+2	6,317617E+4
2,608909E+2	9,218987E+2	6,324957E+4
2,607755E+2	9,216642E+2	6,334292E+4
2,608038E+2	9,214318E+2	6,337884E+4
2,607033E+2	9,212215E+2	6,348765E+4
2,608256E+2	9,209708E+2	6,354186E+4
2,607279E+2	9,207871E+2	6,360814E+4
2,606785E+2	9,205894E+2	6,365426E+4
2,607400E+2	9,203247E+2	6,373744E+4
2,608086E+2	9,201736E+2	6,378264E+4
2,607928E+2	9,198978E+2	6,387114E+4
2,607410E+2	9,197154E+2	6,395472E+4
2,605134E+2	9,194754E+2	6,399856E+4
2,606700E+2	9,193175E+2	6,406436E+4
2,605569E+2	9,191008E+2	6,415156E+4
2,606123E+2	9,188858E+2	6,420344E+4
2,606834E+2	9,186369E+2	6,427068E+4
2,608467E+2	9,184098E+2	6,433118E+4
2,604921E+2	9,182162E+2	6,441157E+4
2,606823E+2	9,179840E+2	6,448002E+4
2,603738E+2	9,178387E+2	6,454169E+4
2,605755E+2	9,175796E+2	6,457750E+4
2,604844E+2	9,173580E+2	6,466021E+4
2,602768E+2	9,171217E+2	6,472825E+4
2,604559E+2	9,169854E+2	6,478512E+4
2,605069E+2	9,167616E+2	6,486361E+4
2,604119E+2	9,165240E+2	6,493652E+4
2,602937E+2	9,163336E+2	6,500074E+4
2,602414E+2	9,161610E+2	6,505929E+4
2,604470E+2	9,159571E+2	6,511116E+4
2,602977E+2	9,157628E+2	6,521021E+4
2,602558E+2	9,155307E+2	6,525562E+4
2,601878E+2	9,153013E+2	6,531367E+4
2,603281E+2	9,151050E+2	6,536591E+4
2,604417E+2	9,148754E+2	6,543843E+4
2,604178E+2	9,147051E+2	6,550186E+4
2,601785E+2	9,144866E+2	6,557254E+4
2,601920E+2	9,143112E+2	6,564314E+4
2,601525E+2	9,141299E+2	6,569182E+4
2,601543E+2	9,139295E+2	6,576218E+4
2,601334E+2	9,137447E+2	6,587595E+4
2,600447E+2	9,134948E+2	6,591738E+4
2,601449E+2	9,133267E+2	6,598317E+4
2,600701E+2	9,130992E+2	6,603242E+4
2,599493E+2	9,129124E+2	6,609897E+4
2,599835E+2	9,127840E+2	6,614126E+4
2,601411E+2	9,125505E+2	6,622275E+4
2,600965E+2	9,123583E+2	6,629250E+4
2,601596E+2	9,121534E+2	6,635071E+4
2,602137E+2	9,119692E+2	6,638916E+4
2,597870E+2	9,117700E+2	6,647851E+4
2,598333E+2	9,115732E+2	6,653081E+4
2,600093E+2	9,113315E+2	6,659218E+4
2,598387E+2	9,112029E+2	6,665606E+4
2,599801E+2	9,109543E+2	6,673259E+4
2,599719E+2	9,107935E+2	6,679520E+4
2,599714E+2	9,106653E+2	6,684585E+4
2,596800E+2	9,103844E+2	6,690721E+4
2,599015E+2	9,102467E+2	6,698304E+4
2,599686E+2	9,100919E+2	6,702993E+4
2,597466E+2	9,098249E+2	6,709777E+4
2,597707E+2	9,096345E+2	6,716850E+4
2,598148E+2	9,094891E+2	6,720977E+4
2,597070E+2	9,092990E+2	6,727429E+4
2,597969E+2	9,091224E+2	6,733582E+4
2,596959E+2	9,089264E+2	6,740707E+4
2,597563E+2	9,087194E+2	6,746020E+4
2,596162E+2	9,085318E+2	6,751714E+4
2,596636E+2	9,083440E+2	6,758323E+4
2,596248E+2	9,081491E+2	6,763262E+4
2,595088E+2	9,080228E+2	6,771317E+4
2,595853E+2	9,078046E+2	6,777797E+4
2,597086E+2	9,075822E+2	6,783715E+4
2,597418E+2	9,074594E+2	6,789551E+4
2,596795E+2	9,072399E+2	6,795070E+4
2,594688E+2	9,070662E+2	6,801926E+4
2,594778E+2	9,068565E+2	6,808285E+4
2,594651E+2	9,066565E+2	6,815808E+4
2,597277E+2	9,064509E+2	6,819644E+4
2,595881E+2	9,063426E+2	6,823497E+4
2,596646E+2	9,061314E+2	6,832443E+4
2,595677E+2	9,059410E+2	6,835712E+4
2,595368E+2	9,057282E+2	6,843334E+4
2,595137E+2	9,055612E+2	6,848607E+4
2,595149E+2	9,054061E+2	6,853241E+4
2,594888E+2	9,052161E+2	6,860573E+4
2,595303E+2	9,050216E+2	6,865063E+4
2,595128E+2	9,048559E+2	6,873765E+4
2,594182E+2	9,047070E+2	6,880108E+4
2,595041E+2	9,045146E+2	6,884852E+4
2,592810E+2	9,043346E+2	6,889962E+4
2,594353E+2	9,041747E+2	6,895934E+4
2,595431E+2	9,039411E+2	6,902801E+4
2,592156E+2	9,037931E+2	6,907486E+4
2,594071E+2	9,036335E+2	6,914910E+4
2,594323E+2	9,034168E+2	6,921212E+4
2,592999E+2	9,032542E+2	6,924868E+4
2,592771E+2	9,030531E+2	6,930996E+4
2,592387E+2	9,028739E+2	6,935335E+4
2,592620E+2	9,027328E+2	6,943368E+4
2,590589E+2	9,025718E+2	6,949877E+4
2,591982E+2	9,024232E+2	6,954075E+4
2,592654E+2	9,022333E+2	6,960858E+4
2,591825E+2	9,020648E+2	6,966246E+4
2,592226E+2	9,018835E+2	6,970322E+4
2,589574E+2	9,017038E+2	6,977844E+4
2,590160E+2	9,014811E+2	6,984667E+4
2,590218E+2	9,013562E+2	6,989695E+4
2,590395E+2	9,011778E+2	6,994980E+4
2,592462E+2	9,010105E+2	6,999548E+4
2,590186E+2	9,008765E+2	7,006044E+4
2,590210E+2	9,007659E+2	7,011352E+4
2,591640E+2	9,004999E+2	7,015639E+4
2,589596E+2	9,003174E+2	7,024580E+4
2,590242E+2	9,002363E+2	7,027003E+4
2,589022E+2	8,999699E+2	7,034915E+4
2,589762E+2	8,998115E+2	7,039138E+4
2,589874E+2	8,996821E+2	7,045652E+4
2,588997E+2	8,995173E+2	7,050180E+4
2,590024E+2	8,993587E+2	7,055785E+4
2,589062E+2	8,991910E+2	7,062479E+4
2,587523E+2	8,990043E+2	7,067110E+4
2,589544E+2	8,988477E+2	7,075837E+4
2,589042E+2	8,987404E+2	7,077964E+4
2,589758E+2	8,985608E+2	7,083964E+4
2,588606E+2	8,983570E+2	7,089734E+4
2,589593E+2	8,981988E+2	7,098171E+4
2,587576E+2	8,980291E+2	7,103432E+4
2,590115E+2	8,978846E+2	7,108234E+4
2,588541E+2	8,977143E+2	7,108412E+4
2,589864E+2	8,975274E+2	7,118887E+4
2,588106E+2	8,974012E+2	7,121241E+4
2,589040E+2	8,971704E+2	7,130856E+4
2,588485E+2	8,970723E+2	7,133371E+4
2,587451E+2	8,968641E+2	7,140677E+4
2,588421E+2	8,967157E+2	7,145203E+4
2,587298E+2	8,965886E+2	7,149404E+4
2,587431E+2	8,964027E+2	7,154921E+4
2,587047E+2	8,962931E+2	7,161471E+4
2,585860E+2	8,961161E+2	7,166538E+4
2,587382E+2	8,959578E+2	7,170404E+4
2,585997E+2	8,957732E+2	7,177074E+4
2,586918E+2	8,956217E+2	7,182704E+4
2,585747E+2	8,954631E+2	7,189744E+4
2,586890E+2	8,953044E+2	7,191897E+4
2,586094E+2	8,951542E+2	7,195708E+4
2,588276E+2	8,949538E+2	7,204320E+4
2,584190E+2	8,948484E+2	7,208305E+4
2,586453E+2	8,946720E+2	7,215501E+4
2,584878E+2	8,944857E+2	7,222579E+4
2,585282E+2	8,943410E+2	7,226233E+4
2,586429E+2	8,942126E+2	7,230804E+4
2,585141E+2	8,940434E+2	7,236164E+4
2,585366E+2	8,938803E+2	7,242089E+4
2,584288E+2	8,937841E+2	7,246013E+4
2,584369E+2	8,935506E+2	7,252588E+4
2,586966E+2	8,934544E+2	7,255253E+4
2,584357E+2	8,933124E+2	7,260835E+4
2,585201E+2	8,931711E+2	7,265494E+4
2,584612E+2	8,929728E+2	7,273082E+4
2,585588E+2	8,927966E+2	7,278631E+4
2,585051E+2	8,926796E+2	7,285680E+4
2,584857E+2	8,925586E+2	7,285069E+4
2,584404E+2	8,923949E+2	7,292270E+4
2,584381E+2	8,922196E+2	7,300686E+4
2,583978E+2	8,920680E+2	7,301689E+4
2,583222E+2	8,919329E+2	7,306056E+4
2,582977E+2	8,917723E+2	7,312716E+4
2,582791E+2	8,916479E+2	7,319244E+4
2,582653E+2	8,914630E+2	7,323093E+4
2,582534E+2	8,913196E+2	7,326612E+4
2,583285E+2	8,911610E+2	7,333652E+4
2,581803E+2	8,910463E+2	7,337204E+4
2,582403E+2	8,908849E+2	7,342958E+4
2,582045E+2	8,907511E+2	7,348363E+4
2,583008E+2	8,905677E+2	7,352928E+4
2,583177E+2	8,904540E+2	7,355928E+4
2,581810E+2	8,903069E+2	7,361317E+4
2,581522E+2	8,901284E+2	7,371608E+4
2,580776E+2	8,900463E+2	7,370850E+4
2,580559E+2	8,898992E+2	7,379527E+4
2,581964E+2	8,897206E+2	7,381206E+4
2,580548E+2	8,896045E+2	7,387180E+4
2,583321E+2	8,894943E+2	7,392521E+4
2,579803E+2	8,892820E+2	7,400563E+4
2,581989E+2	8,891860E+2	7,403367E+4
2,582026E+2	8,890404E+2	7,406993E+4
2,582592E+2	8,888873E+2	7,413731E+4
2,581424E+2	8,887079E+2	7,421156E+4
2,580071E+2	8,885551E+2	7,425531E+4
2,579373E+2	8,884133E+2	7,428198E+4
2,579658E+2	8,882908E+2	7,433631E+4
2,581133E+2	8,881373E+2	7,435050E+4
2,580907E+2	8,880109E+2	7,441934E+4
2,581931E+2	8,878218E+2	7,449488E+4
2,581285E+2	8,877202E+2	7,452979E+4
2,581875E+2	8,875369E+2	7,457199E+4
2,581486E+2	8,874212E+2	7,462872E+4
2,580610E+2	8,872905E+2	7,467355E+4
2,581595E+2	8,871309E+2	7,469564E+4
2,581923E+2	8,869524E+2	7,474678E+4
2,580024E+2	8,868840E+2	7,482791E+4
2,580022E+2	8,867385E+2	7,486468E+4
2,580517E+2	8,866241E+2	7,491039E+4
2,580592E+2	8,864905E+2	7,494228E+4
2,580179E+2	8,863451E+2	7,500931E+4
2,579126E+2	8,861940E+2	7,504095E+4
2,579590E+2	8,860512E+2	7,507332E+4
2,579293E+2	8,859688E+2	7,512203E+4
2,579434E+2	8,857999E+2	7,518276E+4
2,578211E+2	8,856919E+2	7,522351E+4
2,578857E+2	8,855293E+2	7,527328E+4
2,578632E+2	8,854095E+2	7,533314E+4
2,578021E+2	8,851890E+2	7,536989E+4
2,579388E+2	8,851475E+2	7,540136E+4
2,578239E+2	8,850037E+2	7,548160E+4
2,577895E+2	8,848773E+2	7,552576E+4
2,578338E+2	8,847278E+2	7,554686E+4
2,577998E+2	8,845771E+2	7,562709E+4
2,578631E+2	8,844860E+2	7,563021E+4
2,580287E+2	8,843142E+2	7,568301E+4
2,579976E+2	8,841780E+2	7,572264E+4
2,577379E+2	8,840641E+2	7,578630E+4
2,578406E+2	8,839043E+2	7,584280E+4
2,578163E+2	8,838156E+2	7,586336E+4
2,579903E+2	8,836140E+2	7,592675E+4
2,579791E+2	8,835271E+2	7,596741E+4
2,575570E+2	8,833893E+2	7,601564E+4
2,576622E+2	8,832739E+2	7,606915E+4
2,577207E+2	8,831113E+2	7,613097E+4
2,578006E+2	8,830026E+2	7,616325E+4
2,575077E+2	8,828903E+2	7,619911E+4
2,577089E+2	8,827372E+2	7,625296E+4
2,576906E+2	8,826343E+2	7,632138E+4
2,576233E+2	8,824739E+2	7,630535E+4
2,575107E+2	8,823903E+2	7,638770E+4
2,577578E+2	8,822184E+2	7,641316E+4
2,576567E+2	8,821119E+2	7,644868E+4
2,576588E+2	8,819753E+2	7,650268E+4
2,576008E+2	8,818414E+2	7,655806E+4
2,576168E+2	8,817025E+2	7,658391E+4
2,576950E+2	8,815772E+2	7,663141E+4
2,575798E+2	8,814818E+2	7,670908E+4
2,576687E+2	8,813942E+2	7,670358E+4
2,575109E+2	8,812363E+2	7,675774E+4
2,575470E+2	8,810540E+2	7,679490E+4
2,574926E+2	8,809750E+2	7,688600E+4
2,576222E+2	8,808578E+2	7,692595E+4
2,577257E+2	8,807289E+2	7,697377E+4
2,574960E+2	8,806093E+2	7,697758E+4
2,575887E+2	8,804859E+2	7,705950E+4
2,575509E+2	8,803459E+2	7,711845E+4
2,576697E+2	8,802391E+2	7,711588E+4
2,576003E+2	8,801698E+2	7,718686E+4
2,575223E+2	8,799643E+2	7,724779E+4
2,576052E+2	8,798535E+2	7,728768E+4
2,577526E+2	8,797520E+2	7,727542E+4
2,574874E+2	8,796341E+2	7,734505E+4
2,575389E+2	8,795471E+2	7,737107E+4
2,574089E+2	8,793414E+2	7,746421E+4
2,575400E+2	8,792602E+2	7,749306E+4
2,574888E+2	8,791207E+2	7,753462E+4
2,574737E+2	8,790107E+2	7,755702E+4
2,573968E+2	8,789334E+2	7,761016E+4
2,572513E+2	8,787864E+2	7,766508E+4
2,574461E+2	8,786255E+2	7,771762E+4
2,574480E+2	8,785653E+2	7,773922E+4
2,574241E+2	8,784234E+2	7,776985E+4
2,574138E+2	8,782965E+2	7,780901E+4
2,574949E+2	8,781638E+2	7,784556E+4
2,574606E+2	8,780426E+2	7,790127E+4
2,573404E+2	8,779654E+2	7,793200E+4
2,572677E+2	8,778548E+2	7,799205E+4
2,571796E+2	8,777316E+2	7,801218E+4
2,574921E+2	8,775533E+2	7,806042E+4
2,575560E+2	8,774887E+2	7,807972E+4
2,574947E+2	8,773633E+2	7,816648E+4
2,573303E+2	8,772925E+2	7,822755E+4
2,574680E+2	8,771321E+2	7,824488E+4
2,573891E+2	8,769886E+2	7,825271E+4
2,572546E+2	8,768900E+2	7,829737E+4
2,571303E+2	8,768059E+2	7,835253E+4
2,571578E+2	8,766441E+2	7,840856E+4
2,571542E+2	8,765403E+2	7,845716E+4
2,573266E+2	8,764575E+2	7,848672E+4
2,572987E+2	8,763526E+2	7,851892E+4
2,572307E+2	8,762174E+2	7,858306E+4
2,570246E+2	8,761400E+2	7,863453E+4
2,573609E+2	8,759770E+2	7,862514E+4
2,569625E+2	8,758993E+2	7,868767E+4
2,571252E+2	8,757756E+2	7,869799E+4
2,571896E+2	8,756450E+2	7,879917E+4
2,569931E+2	8,755919E+2	7,881032E+4
2,571217E+2	8,754480E+2	7,885267E+4
2,573075E+2	8,753806E+2	7,887148E+4
2,570533E+2	8,751778E+2	7,890678E+4
2,572597E+2	8,750968E+2	7,895249E+4
2,571877E+2	8,750157E+2	7,900277E+4
2,570059E+2	8,748792E+2	7,904762E+4
2,572057E+2	8,747790E+2	7,908615E+4
2,571006E+2	8,746786E+2	7,911254E+4
2,570868E+2	8,745644E+2	7,913852E+4
2,571428E+2	8,744570E+2	7,920378E+4
2,569144E+2	8,743338E+2	7,922174E+4
2,569323E+2	8,742441E+2	7,925405E+4
2,571215E+2	8,741031E+2	7,929562E+4
2,569593E+2	8,739530E+2	7,936581E+4
2,569580E+2	8,739111E+2	7,938589E+4
2,569289E+2	8,738171E+2	7,943898E+4
2,571461E+2	8,736459E+2	7,944854E+4
2,570972E+2	8,735344E+2	7,950386E+4
2,568854E+2	8,734685E+2	7,953411E+4
2,570006E+2	8,734063E+2	7,958604E+4
2,569538E+2	8,732470E+2	7,960126E+4
2,568343E+2	8,731572E+2	7,967437E+4
2,570273E+2	8,730449E+2	7,969561E+4
2,569220E+2	8,729251E+2	7,971823E+4
2,569924E+2	8,728478E+2	7,976160E+4
2,568313E+2	8,726843E+2	7,982702E+4
2,567696E+2	8,726012E+2	7,986368E+4
2,567504E+2	8,725301E+2	7,992120E+4
2,568111E+2	8,723903E+2	7,990412E+4
2,567920E+2	8,723270E+2	7,996622E+4
2,569240E+2	8,721991E+2	8,001043E+4
2,568336E+2	8,720969E+2	8,006827E+4
2,568688E+2	8,720004E+2	8,008807E+4
2,568925E+2	8,719073E+2	8,008962E+4
2,568178E+2	8,717608E+2	8,018658E+4
2,567903E+2	8,716952E+2	8,019961E+4
2,569489E+2	8,715258E+2	8,023048E+4
2,568713E+2	8,714136E+2	8,026498E+4
2,567386E+2	8,713950E+2	8,027496E+4
2,567726E+2	8,712642E+2	8,035995E+4
2,566817E+2	8,711698E+2	8,039392E+4
2,568245E+2	8,711228E+2	8,040784E+4
2,567548E+2	8,709300E+2	8,045379E+4
2,565528E+2	8,708409E+2	8,051518E+4
2,566902E+2	8,708056E+2	8,053781E+4
2,568119E+2	8,706550E+2	8,054468E+4
2,566386E+2	8,705941E+2	8,060965E+4
2,566923E+2	8,704198E+2	8,060630E+4
2,567124E+2	8,703777E+2	8,068818E+4
2,566012E+2	8,702819E+2	8,070846E+4
2,566901E+2	8,702060E+2	8,075527E+4
2,567765E+2	8,700956E+2	8,076246E+4
2,565362E+2	8,699809E+2	8,079011E+4
2,566487E+2	8,698983E+2	8,086722E+4
2,567883E+2	8,697904E+2	8,087377E+4
2,566628E+2	8,697146E+2	8,092539E+4
2,566383E+2	8,696015E+2	8,092415E+4
2,566576E+2	8,694569E+2	8,100917E+4
2,565981E+2	8,693859E+2	8,104269E+4
2,565247E+2	8,692767E+2	8,105800E+4
2,566059E+2	8,691694E+2	8,112405E+4
2,566163E+2	8,690905E+2	8,111170E+4
2,565624E+2	8,689922E+2	8,116972E+4
2,565276E+2	8,688622E+2	8,121270E+4
2,564824E+2	8,688126E+2	8,124942E+4
2,564833E+2	8,687046E+2	8,128790E+4
2,565964E+2	8,686123E+2	8,130668E+4
2,566686E+2	8,684525E+2	8,134598E+4
2,564488E+2	8,684552E+2	8,138679E+4
2,567233E+2	8,682947E+2	8,142930E+4
2,565374E+2	8,682521E+2	8,146103E+4
2,564650E+2	8,681229E+2	8,147151E+4
2,564351E+2	8,680177E+2	8,151153E+4
2,563805E+2	8,679182E+2	8,155834E+4
2,564684E+2	8,678593E+2	8,156279E+4
2,564372E+2	8,677358E+2	8,163752E+4
2,565863E+2	8,676421E+2	8,163094E+4
2,565251E+2	8,675578E+2	8,167113E+4
2,567089E+2	8,674760E+2	8,171388E+4
2,565817E+2	8,673245E+2	8,176196E+4
2,565090E+2	8,672584E+2	8,178518E+4
2,564815E+2	8,671789E+2	8,182789E+4
2,564782E+2	8,670909E+2	8,186361E+4
2,565654E+2	8,670062E+2	8,188250E+4
2,565050E+2	8,668930E+2	8,192555E+4
2,565422E+2	8,667946E+2	8,195162E+4
2,562763E+2	8,666954E+2	8,198421E+4
2,563297E+2	8,666427E+2	8,201229E+4
2,564731E+2	8,665017E+2	8,210394E+4
2,564485E+2	8,664388E+2	8,211460E+4
2,563919E+2	8,663497E+2	8,212004E+4
2,564943E+2	8,662769E+2	8,218742E+4
2,563547E+2	8,661814E+2	8,219189E+4
2,564076E+2	8,660955E+2	8,224251E+4
2,564723E+2	8,659736E+2	8,223389E+4
2,563540E+2	8,659091E+2	8,226196E+4
2,565082E+2	8,658006E+2	8,232626E+4
2,564747E+2	8,656921E+2	8,236430E+4
2,563492E+2	8,655859E+2	8,237607E+4
2,562902E+2	8,655594E+2	8,245407E+4
2,563981E+2	8,654236E+2	8,244712E+4
2,563897E+2	8,653303E+2	8,248480E+4
2,561456E+2	8,652788E+2	8,252868E+4
2,564451E+2	8,651913E+2	8,254503E+4
2,564450E+2	8,650510E+2	8,260981E+4
2,563557E+2	8,650399E+2	8,259215E+4
2,563522E+2	8,648784E+2	8,267030E+4
2,564682E+2	8,648229E+2	8,270291E+4
2,562282E+2	8,646937E+2	8,273398E+4
2,561798E+2	8,647097E+2	8,274512E+4
2,562350E+2	8,645682E+2	8,278607E+4
2,564317E+2	8,644736E+2	8,279722E+4
2,563245E+2	8,643858E+2	8,284876E+4
2,562560E+2	8,643338E+2	8,287379E+4
2,563925E+2	8,642165E+2	8,292362E+4
2,562900E+2	8,641242E+2	8,292789E+4
2,563222E+2	8,640256E+2	8,295319E+4
2,564056E+2	8,639240E+2	8,298109E+4
2,563586E+2	8,638541E+2	8,302300E+4
2,562029E+2	8,637715E+2	8,306388E+4
2,562627E+2	8,637147E+2	8,309609E+4
2,562035E+2	8,636472E+2	8,313304E+4
2,562853E+2	8,635523E+2	8,316128E+4
2,562422E+2	8,634756E+2	8,320422E+4
2,562466E+2	8,633552E+2	8,321700E+4
2,561107E+2	8,632717E+2	8,326778E+4
2,562253E+2	8,631746E+2	8,332443E+4
2,561687E+2	8,630851E+2	8,336228E+4
2,562644E+2	8,630136E+2	8,340427E+4
2,561212E+2	8,629377E+2	8,341024E+4
2,561741E+2	8,628335E+2	8,347569E+4
2,561965E+2	8,627416E+2	8,345861E+4
2,561244E+2	8,627003E+2	8,351882E+4
2,561735E+2	8,625999E+2	8,355867E+4
2,560582E+2	8,625278E+2	8,358132E+4
2,561369E+2	8,624077E+2	8,360567E+4
2,561716E+2	8,623257E+2	8,365155E+4
2,561845E+2	8,622207E+2	8,371533E+4
2,562416E+2	8,621917E+2	8,372831E+4
2,561879E+2	8,620732E+2	8,376678E+4
2,562559E+2	8,620050E+2	8,382915E+4
2,560863E+2	8,619361E+2	8,382286E+4
2,560944E+2	8,618461E+2	8,388888E+4
2,560929E+2	8,617292E+2	8,390798E+4
2,559996E+2	8,616475E+2	8,395471E+4
2,559630E+2	8,615960E+2	8,398264E+4
2,560841E+2	8,614641E+2	8,401358E+4
2,561828E+2	8,614031E+2	8,407224E+4
2,560473E+2	8,613507E+2	8,408848E+4
2,559651E+2	8,612605E+2	8,414226E+4
2,559659E+2	8,611568E+2	8,421641E+4
2,559461E+2	8,611183E+2	8,421441E+4
2,558779E+2	8,609910E+2	8,425693E+4
2,560166E+2	8,609413E+2	8,435483E+4
2,559054E+2	8,608444E+2	8,433537E+4
2,560194E+2	8,607729E+2	8,437756E+4
2,560985E+2	8,607090E+2	8,442289E+4
2,559017E+2	8,605963E+2	8,445705E+4
2,560760E+2	8,605051E+2	8,449375E+4
2,559386E+2	8,604192E+2	8,453571E+4
2,558464E+2	8,603428E+2	8,459222E+4
2,559281E+2	8,602509E+2	8,464283E+4
2,557803E+2	8,601661E+2	8,465981E+4
2,560316E+2	8,601095E+2	8,468643E+4
2,560690E+2	8,600223E+2	8,472302E+4
2,558642E+2	8,599078E+2	8,476794E+4
2,560113E+2	8,598518E+2	8,486358E+4
2,557089E+2	8,597213E+2	8,489221E+4
2,559100E+2	8,596840E+2	8,488495E+4
2,557548E+2	8,595868E+2	8,496639E+4
2,558608E+2	8,595345E+2	8,498907E+4
2,558463E+2	8,594440E+2	8,506240E+4
2,559397E+2	8,593292E+2	8,506399E+4
2,558623E+2	8,592376E+2	8,510213E+4
2,558302E+2	8,591548E+2	8,515592E+4
2,557534E+2	8,591068E+2	8,522003E+4
2,557476E+2	8,589824E+2	8,524874E+4
2,557199E+2	8,588944E+2	8,529009E+4
2,558289E+2	8,588444E+2	8,530620E+4
2,559454E+2	8,587762E+2	8,536057E+4
2,558584E+2	8,586813E+2	8,540069E+4
2,557884E+2	8,586234E+2	8,539280E+4
2,555869E+2	8,585000E+2	8,547409E+4
2,558999E+2	8,584112E+2	8,549447E+4
2,555990E+2	8,583782E+2	8,554530E+4
2,558324E+2	8,582804E+2	8,558384E+4
2,556410E+2	8,581625E+2	8,562450E+4
2,556268E+2	8,581374E+2	8,567603E+4
2,556142E+2	8,580501E+2	8,569246E+4
2,557474E+2	8,579273E+2	8,572982E+4
2,557597E+2	8,578730E+2	8,579477E+4
2,556827E+2	8,577755E+2	8,583265E+4
2,555757E+2	8,578031E+2	8,587116E+4
2,555193E+2	8,576135E+2	8,592455E+4
2,556587E+2	8,575862E+2	8,593022E+4
2,555421E+2	8,574896E+2	8,596188E+4
2,558023E+2	8,574089E+2	8,603102E+4
2,556587E+2	8,573249E+2	8,607840E+4
2,556639E+2	8,572649E+2	8,611113E+4
2,555590E+2	8,572124E+2	8,615452E+4
2,555857E+2	8,571314E+2	8,616908E+4
2,555035E+2	8,569817E+2	8,624810E+4
2,553111E+2	8,569735E+2	8,627474E+4
2,555915E+2	8,568989E+2	8,631551E+4
2,554666E+2	8,567632E+2	8,637965E+4
2,556237E+2	8,566907E+2	8,638414E+4
2,554037E+2	8,566591E+2	8,643651E+4
2,554820E+2	8,565649E+2	8,646946E+4
2,553086E+2	8,564753E+2	8,652086E+4
2,553349E+2	8,564144E+2	8,655051E+4
2,554760E+2	8,563493E+2	8,658259E+4
2,553856E+2	8,562361E+2	8,663053E+4
2,554199E+2	8,562135E+2	8,665170E+4
2,554971E+2	8,560958E+2	8,672662E+4
2,553344E+2	8,560526E+2	8,676584E+4
2,553868E+2	8,559231E+2	8,682478E+4
2,555717E+2	8,558634E+2	8,683145E+4
2,553723E+2	8,557719E+2	8,687570E+4
2,555960E+2	8,557345E+2	8,690894E+4
2,552273E+2	8,557097E+2	8,695615E+4
2,553852E+2	8,555916E+2	8,697588E+4
2,554548E+2	8,554986E+2	8,699517E+4
2,552974E+2	8,554335E+2	8,707291E+4
2,554685E+2	8,553347E+2	8,711020E+4
2,553819E+2	8,552254E+2	8,711231E+4
2,554976E+2	8,552420E+2	8,718230E+4
2,554844E+2	8,551505E+2	8,721668E+4
2,552560E+2	8,550549E+2	8,727351E+4
2,553406E+2	8,549572E+2	8,731341E+4
2,552081E+2	8,549159E+2	8,735016E+4
2,552925E+2	8,547876E+2	8,736144E+4
2,551757E+2	8,547548E+2	8,739028E+4
2,552269E+2	8,546880E+2	8,742455E+4
2,552224E+2	8,546167E+2	8,746172E+4
2,553020E+2	8,545357E+2	8,752024E+4
2,553425E+2	8,544374E+2	8,754842E+4
2,553752E+2	8,544267E+2	8,758823E+4
2,552715E+2	8,543163E+2	8,761343E+4
2,551942E+2	8,542471E+2	8,766949E+4
2,553025E+2	8,541813E+2	8,770595E+4
2,551348E+2	8,541288E+2	8,773540E+4
2,551814E+2	8,540395E+2	8,780506E+4
2,554000E+2	8,539841E+2	8,779427E+4
2,552536E+2	8,538649E+2	8,785821E+4
2,553447E+2	8,538464E+2	8,789098E+4
2,552559E+2	8,537038E+2	8,793749E+4
2,549497E+2	8,536822E+2	8,797494E+4
2,550693E+2	8,535686E+2	8,798391E+4
2,551142E+2	8,535132E+2	8,803037E+4
2,551927E+2	8,534459E+2	8,807274E+4
2,552220E+2	8,533586E+2	8,813287E+4
2,552706E+2	8,532886E+2	8,813190E+4
2,551337E+2	8,532188E+2	8,818784E+4
2,551127E+2	8,531809E+2	8,817748E+4
2,550279E+2	8,530796E+2	8,828095E+4
2,549781E+2	8,530261E+2	8,829581E+4
2,551997E+2	8,529839E+2	8,834806E+4
2,551239E+2	8,528847E+2	8,837393E+4
2,550262E+2	8,528212E+2	8,839740E+4
2,550648E+2	8,526836E+2	8,844010E+4
2,551174E+2	8,526446E+2	8,849709E+4
2,549634E+2	8,525960E+2	8,850806E+4
2,549491E+2	8,525570E+2	8,852656E+4
2,550274E+2	8,524813E+2	8,857444E+4
2,549995E+2	8,524024E+2	8,863417E+4
2,548576E+2	8,523511E+2	8,866846E+4
2,550846E+2	8,522190E+2	8,868501E+4
2,549691E+2	8,521722E+2	8,872197E+4
2,549740E+2	8,521185E+2	8,877042E+4
2,550330E+2	8,520385E+2	8,878632E+4
2,549024E+2	8,519802E+2	8,885057E+4
2,551628E+2	8,518632E+2	8,886076E+4
2,549777E+2	8,517788E+2	8,888559E+4
2,548559E+2	8,517510E+2	8,893907E+4
2,549925E+2	8,516503E+2	8,896793E+4
2,548216E+2	8,516040E+2	8,900475E+4
2,549324E+2	8,515099E+2	8,903030E+4
2,550136E+2	8,515023E+2	8,906398E+4
2,550137E+2	8,514161E+2	8,911919E+4
2,549812E+2	8,513531E+2	8,918368E+4
2,551252E+2	8,512596E+2	8,919156E+4
2,549864E+2	8,512033E+2	8,917278E+4
2,549754E+2	8,510992E+2	8,925721E+4
2,549319E+2	8,510547E+2	8,926959E+4
2,548619E+2	8,509681E+2	8,930986E+4
2,551746E+2	8,509256E+2	8,934423E+4
2,550904E+2	8,508571E+2	8,939195E+4
2,549869E+2	8,507737E+2	8,941275E+4
2,548769E+2	8,507510E+2	8,944508E+4
2,550046E+2	8,506620E+2	8,948903E+4
2,549308E+2	8,505875E+2	8,952847E+4
2,549229E+2	8,505188E+2	8,952972E+4
2,549819E+2	8,504478E+2	8,957670E+4
2,548638E+2	8,503794E+2	8,960187E+4
2,549523E+2	8,503209E+2	8,965960E+4
2,549409E+2	8,502380E+2	8,970560E+4
2,547417E+2	8,501975E+2	8,975799E+4
2,549579E+2	8,501041E+2	8,978025E+4
2,549049E+2	8,500574E+2	8,977711E+4
2,547963E+2	8,499645E+2	8,982247E+4
2,550047E+2	8,499448E+2	8,985369E+4
2,548648E+2	8,498539E+2	8,988201E+4
2,548294E+2	8,497956E+2	8,989907E+4
2,549417E+2	8,497327E+2	8,996189E+4
2,549238E+2	8,497041E+2	8,998694E+4
2,546606E+2	8,495939E+2	9,002416E+4
2,547468E+2	8,495330E+2	9,009759E+4
2,547419E+2	8,494679E+2	9,007910E+4
2,547152E+2	8,493988E+2	9,009579E+4
2,547886E+2	8,493442E+2	9,016244E+4
2,547172E+2	8,492554E+2	9,023724E+4
2,547982E+2	8,491947E+2	9,020979E+4
2,548639E+2	8,491106E+2	9,025943E+4
2,549184E+2	8,490677E+2	9,025319E+4
2,548812E+2	8,490206E+2	9,029157E+4
2,549225E+2	8,489674E+2	9,036295E+4
2,548063E+2	8,488908E+2	9,036603E+4
2,547310E+2	8,488091E+2	9,040118E+4
2,546225E+2	8,487598E+2	9,045007E+4
2,548464E+2	8,486865E+2	9,046039E+4
2,546741E+2	8,486202E+2	9,054384E+4
2,547917E+2	8,485534E+2	9,053924E+4
2,548498E+2	8,484839E+2	9,054697E+4
2,548683E+2	8,484400E+2	9,057336E+4
2,547837E+2	8,483530E+2	9,059299E+4
2,547729E+2	8,483128E+2	9,064268E+4
2,545182E+2	8,482561E+2	9,067509E+4
2,545933E+2	8,481469E+2	9,077093E+4
2,546323E+2	8,481263E+2	9,075718E+4
2,545957E+2	8,480318E+2	9,078540E+4
2,546765E+2	8,480307E+2	9,081509E+4
2,546855E+2	8,478974E+2	9,087090E+4
2,543795E+2	8,478590E+2	9,086783E+4
2,546274E+2	8,478156E+2	9,090652E+4
2,547760E+2	8,477965E+2	9,093637E+4
2,546205E+2	8,476903E+2	9,094763E+4
2,545239E+2	8,476641E+2	9,097497E+4
2,546032E+2	8,475879E+2	9,105123E+4
2,545622E+2	8,475296E+2	9,106649E+4
2,543452E+2	8,474249E+2	9,108594E+4
2,545898E+2	8,473777E+2	9,112460E+4
2,544914E+2	8,473347E+2	9,114372E+4
2,545414E+2	8,472685E+2	9,117679E+4
2,546786E+2	8,471902E+2	9,120013E+4
2,545757E+2	8,471557E+2	9,124541E+4
2,546732E+2	8,470775E+2	9,126722E+4
2,546563E+2	8,470385E+2	9,128325E+4
2,545720E+2	8,469702E+2	9,134488E+4
2,545371E+2	8,468985E+2	9,133344E+4
2,545596E+2	8,468338E+2	9,137143E+4
2,546769E+2	8,468052E+2	9,138727E+4
2,545021E+2	8,466803E+2	9,145449E+4
2,544302E+2	8,466723E+2	9,149625E+4
2,545636E+2	8,465715E+2	9,152036E+4
2,545895E+2	8,465474E+2	9,155178E+4
2,545376E+2	8,464469E+2	9,156992E+4
2,547040E+2	8,464010E+2	9,158816E+4
2,544362E+2	8,463446E+2	9,165225E+4
2,543986E+2	8,462963E+2	9,166226E+4
2,546409E+2	8,462162E+2	9,163462E+4
2,545483E+2	8,461496E+2	9,173570E+4
2,545023E+2	8,461423E+2	9,177167E+4
2,545611E+2	8,460272E+2	9,177339E+4
2,544328E+2	8,460148E+2	9,181797E+4
2,546583E+2	8,459471E+2	9,182105E+4
2,544615E+2	8,459066E+2	9,184974E+4
2,544807E+2	8,458043E+2	9,186427E+4
2,545083E+2	8,458088E+2	9,192878E+4
2,543641E+2	8,457384E+2	9,194260E+4
2,543512E+2	8,456902E+2	9,196972E+4
2,545860E+2	8,456141E+2	9,199327E+4
2,544276E+2	8,455218E+2	9,202636E+4
2,545647E+2	8,454696E+2	9,207016E+4
2,544261E+2	8,453991E+2	9,210689E+4
2,545160E+2	8,453796E+2	9,208211E+4
2,543831E+2	8,453055E+2	9,213004E+4
2,544567E+2	8,452140E+2	9,214811E+4
2,545337E+2	8,452098E+2	9,217697E+4
2,544470E+2	8,451342E+2	9,219569E+4
2,543252E+2	8,450860E+2	9,223898E+4
2,544734E+2	8,449951E+2	9,225776E+4
2,544111E+2	8,449860E+2	9,228139E+4
2,543244E+2	8,448704E+2	9,230608E+4
2,544954E+2	8,448572E+2	9,237929E+4
2,544044E+2	8,447741E+2	9,240165E+4
2,545932E+2	8,447343E+2	9,235498E+4
2,544545E+2	8,446479E+2	9,238011E+4
2,545430E+2	8,446143E+2	9,246492E+4
2,544475E+2	8,445588E+2	9,248959E+4
2,545163E+2	8,445058E+2	9,251680E+4
2,543449E+2	8,444216E+2	9,256938E+4
2,543259E+2	8,444088E+2	9,258782E+4
2,542987E+2	8,443505E+2	9,255797E+4
2,547907E+2	8,442853E+2	9,261439E+4
2,544250E+2	8,441875E+2	9,267414E+4
2,545088E+2	8,441864E+2	9,263492E+4
2,544057E+2	8,440839E+2	9,269827E+4
2,543196E+2	8,440673E+2	9,276470E+4
2,543409E+2	8,440130E+2	9,274983E+4
2,541986E+2	8,439642E+2	9,282277E+4
2,545408E+2	8,438805E+2	9,275784E+4
2,544233E+2	8,438116E+2	9,284959E+4
2,543154E+2	8,438085E+2	9,284383E+4
2,545092E+2	8,437275E+2	9,283770E+4
2,543277E+2	8,436847E+2	9,288726E+4
2,542999E+2	8,436030E+2	9,294800E+4
2,542352E+2	8,435756E+2	9,291541E+4
2,542440E+2	8,435434E+2	9,298473E+4
2,540676E+2	8,434692E+2	9,301108E+4
2,542058E+2	8,434138E+2	9,304544E+4
2,540532E+2	8,433492E+2	9,303744E+4
2,542800E+2	8,432863E+2	9,308732E+4
2,541654E+2	8,432201E+2	9,311256E+4
2,541939E+2	8,431585E+2	9,312553E+4
2,541236E+2	8,431444E+2	9,315547E+4
2,543027E+2	8,431107E+2	9,313901E+4
2,543202E+2	8,430050E+2	9,323832E+4
2,541696E+2	8,430463E+2	9,319382E+4
2,541984E+2	8,429258E+2	9,328974E+4
2,542971E+2	8,428654E+2	9,327557E+4
2,542518E+2	8,428162E+2	9,334901E+4
2,542869E+2	8,427672E+2	9,329740E+4
2,543031E+2	8,426989E+2	9,336432E+4
2,541925E+2	8,426898E+2	9,340240E+4
2,540638E+2	8,426239E+2	9,342764E+4
2,542629E+2	8,426246E+2	9,342582E+4
2,543134E+2	8,425161E+2	9,344278E+4
2,540654E+2	8,424762E+2	9,349052E+4
2,542075E+2	8,424312E+2	9,348805E+4
2,541724E+2	8,423860E+2	9,351827E+4
2,541444E+2	8,423529E+2	9,354945E+4
2,541465E+2	8,422710E+2	9,357514E+4
2,540455E+2	8,421879E+2	9,362252E+4
2,540754E+2	8,421927E+2	9,363379E+4
2,542364E+2	8,420940E+2	9,362682E+4
2,540066E+2	8,420380E+2	9,365422E+4
2,540987E+2	8,420213E+2	9,370828E+4
2,542507E+2	8,419823E+2	9,370359E+4
2,542112E+2	8,419419E+2	9,371010E+4
2,541643E+2	8,418549E+2	9,377330E+4
2,543754E+2	8,417571E+2	9,378967E+4
2,540450E+2	8,417397E+2	9,381401E+4
2,542084E+2	8,417033E+2	9,381396E+4
2,542591E+2	8,416289E+2	9,392158E+4
2,541739E+2	8,416007E+2	9,391392E+4
2,540675E+2	8,415525E+2	9,394537E+4
2,540927E+2	8,414921E+2	9,395003E+4
2,540301E+2	8,414778E+2	9,401327E+4
2,541402E+2	8,414168E+2	9,407356E+4
2,540331E+2	8,413849E+2	9,403276E+4
2,541874E+2	8,412268E+2	9,408808E+4
2,541995E+2	8,412827E+2	9,411689E+4
2,540026E+2	8,412213E+2	9,414473E+4
2,540180E+2	8,411757E+2	9,412949E+4
2,540577E+2	8,410870E+2	9,419600E+4
2,540975E+2	8,410555E+2	9,420493E+4
2,538776E+2	8,410685E+2	9,428520E+4
2,539608E+2	8,409653E+2	9,427801E+4
2,539896E+2	8,408933E+2	9,429765E+4
2,538714E+2	8,408623E+2	9,438014E+4
2,539787E+2	8,407859E+2	9,438218E+4
2,539789E+2	8,407665E+2	9,441982E+4
2,539479E+2	8,407434E+2	9,440678E+4
2,539979E+2	8,406493E+2	9,447610E+4
2,538769E+2	8,405617E+2	9,447838E+4
2,539343E+2	8,405597E+2	9,452948E+4
2,538794E+2	8,405095E+2	9,458673E+4
2,540115E+2	8,404543E+2	9,465712E+4
2,539441E+2	8,403454E+2	9,462465E+4
2,540006E+2	8,403133E+2	9,469529E+4
2,539216E+2	8,402788E+2	9,471321E+4
2,538788E+2	8,402414E+2	9,469876E+4
2,539131E+2	8,402166E+2	9,477913E+4
2,540020E+2	8,401363E+2	9,481595E+4
2,541273E+2	8,401392E+2	9,480893E+4
2,537205E+2	8,400666E+2	9,489496E+4
2,539299E+2	8,399643E+2	9,491792E+4
2,539475E+2	8,399536E+2	9,494199E+4
2,538075E+2	8,398777E+2	9,498452E+4
2,538950E+2	8,398166E+2	9,503029E+4
2,537798E+2	8,397922E+2	9,505743E+4
2,538786E+2	8,398098E+2	9,508397E+4
2,538305E+2	8,396981E+2	9,516052E+4
2,537441E+2	8,396265E+2	9,515441E+4
2,536405E+2	8,395632E+2	9,520629E+4
2,536547E+2	8,395715E+2	9,525113E+4
2,537117E+2	8,395359E+2	9,523886E+4
2,536731E+2	8,394197E+2	9,531104E+4
2,536829E+2	8,394089E+2	9,535771E+4
2,539092E+2	8,393623E+2	9,534546E+4
2,537158E+2	8,393232E+2	9,543560E+4
2,537790E+2	8,392252E+2	9,543966E+4
2,535587E+2	8,392004E+2	9,551795E+4
2,537592E+2	8,391431E+2	9,550209E+4
2,538570E+2	8,390895E+2	9,554025E+4
2,536917E+2	8,390306E+2	9,559931E+4
2,535657E+2	8,389549E+2	9,562945E+4
2,536718E+2	8,389715E+2	9,567400E+4
2,537473E+2	8,389428E+2	9,566518E+4
2,536872E+2	8,389019E+2	9,571796E+4
2,537870E+2	8,387667E+2	9,576253E+4
2,537987E+2	8,387205E+2	9,581395E+4
2,536589E+2	8,386957E+2	9,579888E+4
2,537438E+2	8,386597E+2	9,588366E+4
2,536216E+2	8,386253E+2	9,591746E+4
2,536876E+2	8,385429E+2	9,595444E+4
2,535975E+2	8,385238E+2	9,601603E+4
2,536006E+2	8,384141E+2	9,603526E+4
2,535331E+2	8,384068E+2	9,602989E+4
2,536042E+2	8,383201E+2	9,608448E+4
2,538284E+2	8,382760E+2	9,607393E+4
2,536202E+2	8,382054E+2	9,611463E+4
2,534333E+2	8,381942E+2	9,619681E+4
2,534904E+2	8,381172E+2	9,625872E+4
2,536733E+2	8,380882E+2	9,624196E+4
2,536726E+2	8,379803E+2	9,629847E+4
2,534520E+2	8,380092E+2	9,634704E+4
2,535468E+2	8,379824E+2	9,635259E+4
2,535978E+2	8,379197E+2	9,641000E+4
2,534932E+2	8,378043E+2	9,643629E+4
2,534380E+2	8,377637E+2	9,649797E+4
2,535203E+2	8,377501E+2	9,653479E+4
2,534779E+2	8,376587E+2	9,650180E+4
2,535334E+2	8,376157E+2	9,656449E+4
2,534751E+2	8,376017E+2	9,663992E+4
2,535602E+2	8,375764E+2	9,670019E+4
2,534778E+2	8,374813E+2	9,671738E+4
2,536606E+2	8,374216E+2	9,670281E+4
2,535333E+2	8,374037E+2	9,677877E+4
2,535775E+2	8,373605E+2	9,678055E+4
2,534008E+2	8,373208E+2	9,684136E+4
2,534647E+2	8,372732E+2	9,681453E+4
2,533701E+2	8,372278E+2	9,690279E+4
2,534259E+2	8,371491E+2	9,690764E+4
2,534445E+2	8,370786E+2	9,696959E+4
2,535111E+2	8,370424E+2	9,701451E+4
2,533908E+2	8,369959E+2	9,703204E+4
2,533168E+2	8,369572E+2	9,705147E+4
2,533082E+2	8,369550E+2	9,710640E+4
2,532755E+2	8,368025E+2	9,712048E+4
2,533848E+2	8,367919E+2	9,715343E+4
2,534042E+2	8,367470E+2	9,721419E+4
2,532268E+2	8,367306E+2	9,726759E+4
2,533959E+2	8,366460E+2	9,727557E+4
2,532858E+2	8,366636E+2	9,729164E+4
2,532168E+2	8,365934E+2	9,731624E+4
2,532472E+2	8,364999E+2	9,741233E+4
2,533800E+2	8,364960E+2	9,739508E+4
2,534394E+2	8,363998E+2	9,743498E+4
2,533091E+2	8,363501E+2	9,747892E+4
2,535416E+2	8,363348E+2	9,753959E+4
2,534615E+2	8,362393E+2	9,751649E+4
2,534898E+2	8,362242E+2	9,758892E+4
2,532504E+2	8,361828E+2	9,760508E+4
2,534481E+2	8,361322E+2	9,762786E+4
2,533394E+2	8,360898E+2	9,766693E+4
2,533508E+2	8,360274E+2	9,772698E+4
2,534170E+2	8,359770E+2	9,774001E+4
2,533928E+2	8,359529E+2	9,776747E+4
2,534566E+2	8,358833E+2	9,778388E+4
2,532740E+2	8,358117E+2	9,784184E+4
2,533980E+2	8,357804E+2	9,788630E+4
2,532564E+2	8,357653E+2	9,792392E+4
2,532386E+2	8,356938E+2	9,791318E+4
2,533673E+2	8,357074E+2	9,797703E+4
2,533561E+2	8,356093E+2	9,798132E+4
2,533101E+2	8,355736E+2	9,804853E+4
2,532641E+2	8,355384E+2	9,804070E+4
2,532535E+2	8,354553E+2	9,808520E+4
2,531880E+2	8,354176E+2	9,815213E+4
2,532139E+2	8,353971E+2	9,815223E+4
2,535000E+2	8,353170E+2	9,817133E+4
2,531943E+2	8,352258E+2	9,822644E+4
2,530599E+2	8,352210E+2	9,827292E+4
2,533282E+2	8,351683E+2	9,829841E+4
2,531300E+2	8,351538E+2	9,832945E+4
2,533296E+2	8,350655E+2	9,836518E+4
2,532989E+2	8,350526E+2	9,839823E+4
2,532433E+2	8,350134E+2	9,840495E+4
2,532396E+2	8,349188E+2	9,849849E+4
2,532208E+2	8,348888E+2	9,850348E+4
2,531494E+2	8,348698E+2	9,851562E+4
2,531702E+2	8,348250E+2	9,856320E+4
2,531318E+2	8,347471E+2	9,859994E+4
2,531754E+2	8,347242E+2	9,863364E+4
2,532321E+2	8,346328E+2	9,866200E+4
2,533395E+2	8,346474E+2	9,865403E+4
2,533012E+2	8,346028E+2	9,869574E+4
2,531132E+2	8,345613E+2	9,870842E+4
2,532706E+2	8,345071E+2	9,871768E+4
2,533254E+2	8,344429E+2	9,876799E+4
2,532954E+2	8,343957E+2	9,881972E+4
2,533306E+2	8,343784E+2	9,888068E+4
2,531915E+2	8,342954E+2	9,888622E+4
2,531135E+2	8,342523E+2	9,894376E+4
2,531739E+2	8,341870E+2	9,897227E+4
2,532360E+2	8,341854E+2	9,901581E+4
2,532376E+2	8,341050E+2	9,900100E+4
2,532258E+2	8,340727E+2	9,903237E+4
2,532326E+2	8,340140E+2	9,908604E+4
2,533638E+2	8,339749E+2	9,909252E+4
2,533491E+2	8,339486E+2	9,917609E+4
2,533171E+2	8,338731E+2	9,912399E+4
2,531631E+2	8,338816E+2	9,918930E+4
2,532607E+2	8,337936E+2	9,921633E+4
2,532017E+2	8,337907E+2	9,927517E+4
2,532504E+2	8,337372E+2	9,929434E+4
2,529876E+2	8,336732E+2	9,932860E+4
2,530960E+2	8,336368E+2	9,933920E+4
2,532208E+2	8,336333E+2	9,937577E+4
2,530354E+2	8,335514E+2	9,939326E+4
2,531742E+2	8,335029E+2	9,946198E+4
2,532012E+2	8,334564E+2	9,944431E+4
2,532538E+2	8,333909E+2	9,949250E+4
2,531302E+2	8,333287E+2	9,947908E+4
2,531917E+2	8,333117E+2	9,952792E+4
2,533070E+2	8,332630E+2	9,956191E+4
2,532638E+2	8,332366E+2	9,959379E+4
2,531136E+2	8,331637E+2	9,960527E+4
2,530629E+2	8,331286E+2	9,967527E+4
2,532111E+2	8,330980E+2	9,967122E+4
2,530701E+2	8,330793E+2	9,968672E+4
2,530977E+2	8,330127E+2	9,971773E+4
2,531507E+2	8,329896E+2	9,974500E+4
2,530456E+2	8,329508E+2	9,979933E+4
2,532229E+2	8,329021E+2	9,980095E+4
2,530138E+2	8,328240E+2	9,988434E+4
2,529681E+2	8,328098E+2	9,990214E+4
2,529579E+2	8,327767E+2	9,992935E+4
2,532353E+2	8,327138E+2	9,992433E+4
2,530804E+2	8,326730E+2	9,996529E+4
2,529934E+2	8,326207E+2	9,999243E+4
2,530136E+2	8,325407E+2	1,000712E+5
2,530873E+2	8,325182E+2	1,000532E+5
2,530051E+2	8,324532E+2	1,001342E+5
2,531360E+2	8,324303E+2	1,001799E+5
2,529994E+2	8,324211E+2	1,002033E+5
2,529654E+2	8,323887E+2	1,002243E+5
2,529349E+2	8,322916E+2	1,002521E+5
2,528370E+2	8,322676E+2	1,002801E+5
2,530768E+2	8,322393E+2	1,002845E+5
2,529758E+2	8,321926E+2	1,003336E+5
2,529885E+2	8,321401E+2	1,004098E+5
2,529144E+2	8,321105E+2	1,003951E+5
2,530278E+2	8,320424E+2	1,004945E+5
2,530497E+2	8,319751E+2	1,005027E+5
2,529973E+2	8,319494E+2	1,005103E+5
2,529062E+2	8,319003E+2	1,006166E+5
2,529968E+2	8,318890E+2	1,005682E+5
2,528779E+2	8,318452E+2	1,006487E+5
2,529207E+2	8,317776E+2	1,006967E+5
2,529177E+2	8,317384E+2	1,006717E+5
2,528561E+2	8,317308E+2	1,007380E+5
2,527931E+2	8,316380E+2	1,007871E+5
2,527474E+2	8,316229E+2	1,008622E+5
2,526146E+2	8,315735E+2	1,008976E+5
2,525519E+2	8,314807E+2	1,009350E+5
2,527075E+2	8,314700E+2	1,009503E+5
2,528197E+2	8,313997E+2	1,010157E+5
2,527039E+2	8,313796E+2	1,010301E+5
2,527004E+2	8,313138E+2	1,010994E+5
2,526570E+2	8,312768E+2	1,011289E+5
2,526632E+2	8,312786E+2	1,011366E+5
2,527586E+2	8,311945E+2	1,012013E+5
2,527783E+2	8,311274E+2	1,012142E+5
2,526345E+2	8,310995E+2	1,012546E+5
2,527370E+2	8,310671E+2	1,013231E+5
2,525766E+2	8,309632E+2	1,013562E+5
2,526304E+2	8,309720E+2	1,013795E+5
2,526613E+2	8,309502E+2	1,014027E+5
2,525861E+2	8,308886E+2	1,014700E+5
2,526052E+2	8,308709E+2	1,015462E+5
2,526918E+2	8,307867E+2	1,015628E+5
2,526874E+2	8,307416E+2	1,015649E+5
2,526812E+2	8,306770E+2	1,016772E+5
2,527506E+2	8,306191E+2	1,017026E+5
2,527994E+2	8,306459E+2	1,016973E+5
2,528007E+2	8,305270E+2	1,018056E+5
2,527341E+2	8,305632E+2	1,018440E+5
2,527587E+2	8,304581E+2	1,018207E+5
2,526094E+2	8,304126E+2	1,019180E+5
2,525420E+2	8,303404E+2	1,019348E+5
2,525972E+2	8,303014E+2	1,020214E+5
2,526201E+2	8,302664E+2	1,020385E+5
2,526363E+2	8,302401E+2	1,020306E+5
2,525965E+2	8,302055E+2	1,021791E+5
2,525763E+2	8,301026E+2	1,021631E+5
2,525683E+2	8,300708E+2	1,022365E+5
2,525904E+2	8,300439E+2	1,022883E+5
2,524362E+2	8,299345E+2	1,023023E+5
2,523821E+2	8,299445E+2	1,023588E+5
2,526496E+2	8,298875E+2	1,023551E+5
2,526056E+2	8,298927E+2	1,023734E+5
2,524366E+2	8,298131E+2	1,024489E+5
2,525785E+2	8,297977E+2	1,025131E+5
2,522958E+2	8,297020E+2	1,025716E+5
2,523757E+2	8,296992E+2	1,025733E+5
2,525229E+2	8,296744E+2	1,026206E+5
2,522548E+2	8,295707E+2	1,026618E+5
2,524806E+2	8,295551E+2	1,027164E+5
2,524202E+2	8,295009E+2	1,027513E+5
2,524588E+2	8,294657E+2	1,028423E+5
2,525778E+2	8,294218E+2	1,028278E+5
2,524993E+2	8,293655E+2	1,029148E+5
2,524209E+2	8,292955E+2	1,029060E+5
2,522805E+2	8,292866E+2	1,029726E+5
2,522757E+2	8,292397E+2	1,030783E+5
2,523094E+2	8,291791E+2	1,030332E+5
2,523947E+2	8,291732E+2	1,030727E+5
2,523137E+2	8,290906E+2	1,031123E+5
2,523442E+2	8,290213E+2	1,032060E+5
2,523677E+2	8,290246E+2	1,032250E+5
2,524548E+2	8,289592E+2	1,032529E+5
2,524146E+2	8,288949E+2	1,033466E+5
2,522943E+2	8,288701E+2	1,033791E+5
2,523662E+2	8,288008E+2	1,033702E+5
2,522411E+2	8,287876E+2	1,034528E+5
2,523878E+2	8,287185E+2	1,034423E+5
2,524469E+2	8,286725E+2	1,034856E+5
2,521853E+2	8,285913E+2	1,035662E+5
2,523542E+2	8,285624E+2	1,036547E+5
2,522011E+2	8,284988E+2	1,036636E+5
2,522646E+2	8,285092E+2	1,036755E+5
2,522270E+2	8,284273E+2	1,037465E+5
2,522734E+2	8,284425E+2	1,037968E+5
2,521363E+2	8,283505E+2	1,037888E+5
2,521859E+2	8,282853E+2	1,038363E+5
2,522664E+2	8,282517E+2	1,039369E+5
2,520835E+2	8,281894E+2	1,039294E+5
2,521362E+2	8,281590E+2	1,040193E+5
2,521656E+2	8,281414E+2	1,040078E+5
2,521501E+2	8,280835E+2	1,040299E+5
2,521678E+2	8,279993E+2	1,040995E+5
2,521381E+2	8,279309E+2	1,041749E+5
2,521298E+2	8,279687E+2	1,041665E+5
2,519794E+2	8,279027E+2	1,042228E+5
2,521519E+2	8,278439E+2	1,042598E+5
2,523006E+2	8,278443E+2	1,042839E+5
2,521106E+2	8,277439E+2	1,043788E+5
2,520832E+2	8,277226E+2	1,043855E+5
2,521574E+2	8,276812E+2	1,044418E+5
2,520227E+2	8,276339E+2	1,044759E+5
2,521470E+2	8,275875E+2	1,044759E+5
2,521767E+2	8,275406E+2	1,045204E+5
2,520952E+2	8,275074E+2	1,045993E+5
2,518042E+2	8,274424E+2	1,046377E+5
2,520589E+2	8,274248E+2	1,046608E+5
2,518567E+2	8,273693E+2	1,047016E+5
2,519501E+2	8,273107E+2	1,047682E+5
2,518701E+2	8,272351E+2	1,047922E+5
2,519595E+2	8,272667E+2	1,048138E+5
2,521844E+2	8,271928E+2	1,048864E+5
2,520993E+2	8,271403E+2	1,049259E+5
2,519921E+2	8,271045E+2	1,049091E+5
2,520634E+2	8,270636E+2	1,049707E+5
2,518475E+2	8,270484E+2	1,050553E+5
2,519021E+2	8,269909E+2	1,050443E+5
2,520076E+2	8,269077E+2	1,050924E+5
2,519672E+2	8,268940E+2	1,051520E+5
2,518301E+2	8,268186E+2	1,052161E+5
2,519761E+2	8,267566E+2	1,052119E+5
2,518412E+2	8,267233E+2	1,052408E+5
2,518940E+2	8,267577E+2	1,052660E+5
2,519746E+2	8,266914E+2	1,053421E+5
2,519742E+2	8,265997E+2	1,053635E+5
2,519379E+2	8,265679E+2	1,053829E+5
2,519322E+2	8,265545E+2	1,054434E+5
2,519541E+2	8,264940E+2	1,054858E+5
2,519555E+2	8,264171E+2	1,055321E+5
2,519041E+2	8,264056E+2	1,055948E+5
2,519489E+2	8,263422E+2	1,055702E+5
2,520031E+2	8,262841E+2	1,056792E+5
2,519152E+2	8,262722E+2	1,056582E+5
2,519292E+2	8,261868E+2	1,056584E+5
2,519167E+2	8,261678E+2	1,057691E+5
2,517846E+2	8,261258E+2	1,058215E+5
2,517241E+2	8,260677E+2	1,058634E+5
2,518351E+2	8,260327E+2	1,058122E+5
2,518112E+2	8,260032E+2	1,058958E+5
2,518984E+2	8,259478E+2	1,059717E+5
2,516944E+2	8,258900E+2	1,059630E+5
2,518333E+2	8,258493E+2	1,059808E+5
2,517611E+2	8,258343E+2	1,060237E+5
2,518277E+2	8,257964E+2	1,060895E+5
2,518743E+2	8,257298E+2	1,060596E+5
2,518535E+2	8,257012E+2	1,061522E+5
2,517079E+2	8,256012E+2	1,062340E+5
2,520498E+2	8,255735E+2	1,062441E+5
2,517137E+2	8,255259E+2	1,062943E+5
2,517963E+2	8,254815E+2	1,063062E+5
2,517270E+2	8,254371E+2	1,063797E+5
2,516849E+2	8,254071E+2	1,064244E+5
2,518052E+2	8,253902E+2	1,064080E+5
2,517201E+2	8,253352E+2	1,064287E+5
2,516217E+2	8,253229E+2	1,064967E+5
2,517718E+2	8,252523E+2	1,065255E+5
2,518711E+2	8,251909E+2	1,065431E+5
2,518270E+2	8,251342E+2	1,066033E+5
2,516089E+2	8,251225E+2	1,066036E+5
2,517344E+2	8,250674E+2	1,066812E+5
2,517356E+2	8,250457E+2	1,066461E+5
2,515387E+2	8,250319E+2	1,067614E+5
2,515274E+2	8,249517E+2	1,068257E+5
2,516223E+2	8,249231E+2	1,067955E+5
2,516605E+2	8,249289E+2	1,068051E+5
2,517418E+2	8,248282E+2	1,068790E+5
2,517399E+2	8,248091E+2	1,068900E+5
2,515450E+2	8,247064E+2	1,069163E+5
2,517356E+2	8,247103E+2	1,069708E+5
2,516575E+2	8,246655E+2	1,069796E+5
2,516412E+2	8,245972E+2	1,070221E+5
2,515830E+2	8,245925E+2	1,071304E+5
2,516187E+2	8,245628E+2	1,071490E+5
2,516300E+2	8,244790E+2	1,071759E+5
2,515778E+2	8,244742E+2	1,071255E+5
2,516251E+2	8,244053E+2	1,072408E+5
2,515344E+2	8,244169E+2	1,072085E+5
2,515103E+2	8,243542E+2	1,073174E+5
2,515559E+2	8,243192E+2	1,073676E+5
2,515008E+2	8,242764E+2	1,073385E+5
2,515140E+2	8,241718E+2	1,073450E+5
2,514951E+2	8,241485E+2	1,074692E+5
2,513711E+2	8,241167E+2	1,074473E+5
2,515371E+2	8,240899E+2	1,074382E+5
2,514973E+2	8,240567E+2	1,074450E+5
2,513862E+2	8,240003E+2	1,075448E+5
2,514776E+2	8,239577E+2	1,075972E+5
2,514465E+2	8,238959E+2	1,076151E+5
2,514387E+2	8,239045E+2	1,076391E+5
2,515844E+2	8,238082E+2	1,077008E+5
2,515574E+2	8,238287E+2	1,077122E+5
2,514671E+2	8,237734E+2	1,077247E+5
2,514376E+2	8,236929E+2	1,077989E+5
2,513890E+2	8,236814E+2	1,077969E+5
2,515880E+2	8,236680E+2	1,078664E+5
2,515256E+2	8,236175E+2	1,078592E+5
2,515270E+2	8,235304E+2	1,078991E+5
2,515686E+2	8,235024E+2	1,079408E+5
